1093452
922872
908287
853882
846121
846048
836702
836673
835310
829865
824722
817563
816264
810933
804646
804634
804624
804621
804606
804587
802685
800498
800190
790585
782852
779362
777218
773978
772282
770692
770530
768417
766559
765949
763899
762855
761865
756549
753069
745507
736550
733659
729486
726547
717479
715818
714621
711230
711042
709004
704203
700496
694975
686262
684824
684249
683920
680191
677921
675087
666832
666070
660880
660639
659157
658919
654465
654294
651792
651131
643642
636220
633355
611106
611053
611034
610992
610987
610920
610895
610881
610809
610698
610455
610180
610172
610043
610011
609964
609925
609781
609671
609637
609606
609533
609407
609386
609300
609294
609288
609101
608903
608891
607581
607461
607339
607066
607054
606983
606927
606359
606204
606150
606025
605028
593785
592611
591515
591146
589213
588044
585208
582902
581469
580234
577477
577465
577439
576665
575008
574063
573725
573322
572288
572258
572169
570173
569411
568578
567540
567420
566040
565532
562710
562633
562256
560530
559467
559163
559108
558460
557427
557343
556496
555618
554247
551323
551147
551003
549099
548747
545959
545932
544702
544485
541279
541025
540914
540483
538515
537626
537374
537277
534027
533402
532556
532521
532519
532512
531786
531155
529046
527353
526890
525752
524980
523171
522169
521709
519687
517757
516354
516347
514177
484463
484462
484443
484439
484437
484436
484430
484406
484401
484394
484391
484376
484369
484365
484357
484338
484320
484315
484296
484294
471515
471511
471509
471505
471495
471493
471486
471471
471468
471460
471453
471450
471447
471441
471434
471427
471420
471418
471412
471401
471398
471394
471384
471378
471374
471369
471364
471360
471350
471344
471337
471333
471318
471314
471307
471299
471288
471284
471280
471266
471262
471256
471249
471238
471230
471226
471224
471221
471216
471209
471206
471202
471197
471191
471188
471186
471184
471159
471156
471144
471141
471139
471137
471130
471124
471114
471109
471106
471092
471066
471062
471056
471048
471011
471002
471001
470997
470996
470995
470993
470983
470975
470974
470973
470971
470970
470969
470925
470921
470908
470899
470879
470870
470823
470812
470807
470806
470805
470803
470761
470747
470744
470741
470740
470739
470738
470737
470732
470729
470724
470720
470718
470697
470688
470687
470679
470670
470663
470662
470650
470642
470639
470634
470623
470621
470605
470599
470595
470587
470563
470546
470543
470534
470527
470524
470523
470494
470487
470477
470464
470463
470462
470451
470441
470433
470429
470416
470398
470397
470396
470395
470394
470393
470392
470389
470382
470381
470380
470369
470367
470324
470321
470292
470265
470254
470251
470243
470241
470238
470236
470230
470229
470221
470219
470213
470207
470200
470194
470188
470178
470173
470172
470171
470170
470168
470155
470148
470146
470144
470143
470141
470139
470117
470116
470114
469991
469990
469987
469972
469957
469949
469946
469941
469921
469920
469918
469903
469898
469897
469893
469890
469888
469871
469861
469858
469853
469852
469850
469849
469846
469842
469835
469834
469832
469826
469825
469824
469818
469817
469816
469810
469800
469778
469749
469746
469744
469742
469739
469737
469734
469664
469663
469662
469661
469655
469646
469639
469602
469488
469486
469482
469480
469479
469478
462568
458803
454151
454104
440950
440936
436675
431766
421879
416239
416229
415094
413206
407351
406487
405639
402870
398895
398854
398670
394740
393911
392116
391131
385603
382771
382211
378060
376835
376720
375671
371128
370432
370187
369315
369055
368769
366564
366414
366142
365543
365184
364930
364921
363839
363476
362663
362631
362506
362374
361962
361918
361069
361012
360010
359717
359026
358223
358019
356843
356835
356701
356687
356680
356678
356677
356671
356467
355966
355323
352664
350896
350167
350050
349837
349804
349112
348968
348855
348633
348202
348109
348006
347789
347528
347501
347487
347009
346429
346026
345429
345249
344813
344373
343857
343158
343072
343062
342971
342865
342627
341353
341294
341050
340638
339877
339584
339443
338978
337418
335683
335393
335145
333765
333699
333514
333163
331312
330638
330405
330295
327510
326977
325855
325328
322703
322522
321100
320868
319524
318253
317681
317543
317180
317108
316248
315575
314879
314123
313166
312745
312701
311337
311137
308095
307772
305892
305267
304981
304455
303807
303756
303702
303616
302952
302284
301787
301131
300050
297358
295454
293763
293753
293340
292898
292137
291728
290517
289858
289675
289369
289250
287392
287314
285017
284476
284102
283463
283204
281799
281762
281552
281438
279975
278595
278384
276377
276224
274319
273412
271358
271098
271095
271092
271043
270963
270905
270882
270856
270757
270740
270705
270584
270537
270437
270365
270356
270257
270217
270210
270056
270055
270037
270000
269887
269869
269863
269855
269854
269840
269837
269830
269786
269758
269749
269695
269684
269612
269516
269431
269369
269293
269252
269225
269194
269050
269026
269004
268771
268740
268718
268527
268265
268249
268225
268223
268170
268120
268048
268016
268011
267981
267975
267967
267954
267934
267902
267868
267816
267787
267652
267636
267551
267550
267533
267530
267446
267239
267218
267203
267197
267171
267164
267139
267062
266998
266867
266674
266665
266646
266643
266481
266386
266310
266271
266241
266240
266191
266174
266124
266105
265952
265816
265766
265649
265603
265577
265511
265440
265407
265258
265247
264779
264769
264723
264616
264531
264529
264435
264395
264317
264227
264222
264203
264153
263990
263931
263912
263911
263847
263800
263725
263693
263689
263619
263564
263541
263529
263525
263445
263411
263364
263283
263239
263230
263218
263216
263029
263024
263021
262998
262922
262885
262867
262815
262739
262630
262620
262610
262592
262590
262493
262492
262373
262319
262217
262191
262185
262154
262038
262033
261995
261973
261962
261946
261921
261912
261885
261842
261827
261722
261719
261703
261676
261566
261560
261458
261218
261205
261093
261053
260971
260964
260924
260893
260777
260769
260768
260750
260682
260579
260564
260545
260518
260457
260427
260343
260250
260210
260206
260178
260163
260125
260082
259987
259942
259857
259777
259772
259661
259644
259608
259587
259549
259512
259505
259492
259463
259426
259342
259101
258827
258820
258675
258630
258525
258496
258477
258456
258207
258185
258176
258045
257997
257992
257615
257448
256970
256607
256286
256149
255822
255231
255110
254715
254667
254355
253887
253824
253750
253392
253024
252888
252382
252324
252075
251928
251843
251840
251784
251698
251684
251647
251266
251227
251168
250958
250787
250733
250630
250583
250576
250541
250503
250349
250283
250153
250045
250004
249990
249867
249377
249195
249170
248862
248430
248271
248001
247959
247934
247861
247822
247676
247369
247344
247099
246847
246824
246717
246712
246627
246477
246213
245826
245699
245387
245370
245187
245173
245121
244991
244957
244710
244434
244416
244402
244326
244105
243403
243295
243287
243062
242988
242967
242938
242732
242701
242550
242503
242469
242438
242368
242264
242208
241989
241364
241281
241156
240847
240758
240655
240510
240392
239795
239729
239688
239525
239416
239371
239348
239234
239033
239021
238798
238741
238598
238461
238439
238420
238272
238096
238079
237998
237576
237442
237354
236730
236502
236419
236200
235998
235957
235725
235459
235414
235029
234650
234467
234320
233864
233692
233395
232609
232294
231446
231184
231176
231102
230309
229852
229175
229012
227799
227100
226847
226145
226033
225045
224794
224220
223996
223938
223278
223200
222847
222801
222236
221045
220466
219618
219021
218633
218513
218364
218141
216474
216402
215612
215083
214832
214763
213803
213656
213398
212696
212576
212212
212195
211938
211138
210623
210009
208810
208731
208217
207860
207682
207609
206206
206145
205758
205510
205487
204398
204252
203962
203565
202618
201803
201088
200840
199635
198925
198302
197885
197806
197631
197531
197217
197037
197035
196404
196030
195845
195821
195083
194752
194543
194409
194205
194022
193929
193916
193562
192281
192183
192101
191707
191674
191302
190558
189350
189314
189192
188893
188670
188447
188038
188012
187901
187733
187415
187020
186514
186071
185581
185311
184499
184496
183678
182534
182392
182084
181072
179774
179754
179555
179442
179419
179317
178989
177281
177086
176827
176530
175923
175858
174504
174325
174245
174198
173855
173819
172489
171319
171289
170933
170907
170898
4327152
168839
168694
167565
167322
166987
166714
166193
165643
165618
164557
164094
163978
163928
163757
163628
163085
162760
162373
161964
161656
161581
161380
161242
161006
160932
160679
160634
160347
160310
160193
159756
159719
159676
159436
159422
159002
158582
158519
158500
158195
158191
158042
157801
157716
157099
157086
156939
156880
156873
156851
156825
156737
156719
156705
156688
156646
156644
156613
156594
156494
156459
156390
156385
156093
155947
155836
155790
155628
155301
155255
154921
154782
154768
154574
154282
154235
154205
154196
154130
153653
153596
153551
153370
153264
153191
153125
153057
152746
152737
152682
152628
152460
152417
152399
152369
152259
152179
151970
151524
151248
150788
150530
150527
150526
150517
150512
150509
149988
149919
149575
149574
149535
149505
149068
149062
149056
149050
148517
148201
147169
146862
146634
146617
146437
146037
145904
145698
145419
145355
145286
145150
145029
145022
144864
144643
144622
144444
143806
143100
142996
142641
142596
142595
142421
142004
141903
141871
141718
141287
141241
141205
141204
141034
141021
140750
140564
140483
140424
140390
140272
140245
140220
140070
140005
139853
139852
139760
139547
139426
139343
139331
139293
139105
139039
139026
138950
138868
138783
138689
138686
138523
138522
138521
138503
138378
138119
137958
137936
137824
137663
137555
137538
137527
137516
134663
134289
133030
132880
132290
131988
131285
131016
129310
129307
129299
129289
129288
129270
129238
129236
129227
129225
129218
129201
129191
129174
129163
129158
129151
129136
129129
129124
129123
129121
129118
129115
129114
129112
129103
129089
129086
129070
129063
129061
129059
129053
129050
129049
129044
129029
129027
129026
129021
129011
129007
128998
128968
128961
128952
128947
128908
128907
128897
128884
128862
128860
128855
128845
128827
128822
128812
128809
128807
128801
128795
128794
128790
128787
128785
128782
128769
128730
128726
128717
128714
128706
128705
128691
128687
128682
128676
128675
128668
128667
128665
128657
128656
128637
128634
128628
128616
128604
128600
128593
128563
128561
128546
128531
128526
128514
128507
128502
128497
128474
128470
128465
128454
128433
128429
128423
128421
115056
114941
112346
112096
111436
110770
110636
109890
109732
108810
108728
108713
108671
108447
108295
108035
105626
103712
103289
103186
101322
98036
97840
92037
91372
88136
83486
83477
82255
79992
79454
76821
64683
64248
58033
55947
54279
50403
49993
49947
49474
48125
47707
44325
42375
822270
1523274
1524916
1540667
1556217
1563515
1578654
1580218
680562
1611605
1632697
1634660
1647599
1655485
1675012
1676804
1680183
1680485
1690562
1696180
1708611
1729080
1742294
1744100
1744589
1754342
1767081
1772684
1780415
1785685
1793826
1800506
1803423
1804159
1812772
1826982
1832008
1842075
1856194
1877257
1909922
1911677
1916188
1921980
1930325
1942268
829874
1962306
1964521
1964627
1965461
1972977
817028
1980062
1986992
1997550
798151
2028276
2048892
4438603
2053803
2060924
2066374
2081098
2091640
2092399
2094641
2095944
765906
2103949
2108713
2117818
2118299
2122727
2123044
2124151
2131613
2134611
2137505
2138712
2143602
2156406
2158722
2158755
2166055
2167243
2175894
798581
2185462
2199910
2201412
2205933
2210393
2223575
2224305
2238139
763780
2246754
2248438
2254758
2261538
2264221
2266188
2272651
2278661
2283711
2288451
2288536
2296518
755255
2334620
2338591
2345736
2346025
2357633
2370790
2398623
2417119
2417152
2428671
663604
2436670
2436699
2439887
2451488
2455890
2456573
4305481
2469997
2472702
2472796
2472963
2474302
2479836
2483597
2500552
2503593
2507353
628249
2540794
2546331
2547205
2560266
2560633
2573910
2578714
2587333
2592403
268307
4309354
625553
2607833
2608235
2609286
2611489
2615429
2622699
2626917
2645000
2649931
128625
2660469
2668680
2677385
2680223
2683818
2684261
2702767
2706578
2718311
2722754
2752477
2760015
2760629
2761928
2764126
2766281
2769758
2772794
2775244
2778461
2778915
2779358
2780645
2783236
2801645
2817226
2819473
2820600
2821279
610483
2834267
2836974
2838848
2844103
326714
2858425
2867020
2867764
2868489
2869003
2874789
2875429
2879076
2885638
2885749
2905335
2918986
2920184
813368
2935009
814852
2952856
916690
2953997
2958927
2985051
2985416
2995612
2998997
817858
3011620
3016087
3030171
3046726
3048193
3059028
3078923
3079206
1041484
4307368
3110915
3119708
3126923
3129281
3153296
3171095
3173192
3177679
235488
3198667
3200224
3201462
3208510
3222668
3226421
3227824
129014
3233360
3254541
3261476
3272844
3272947
3286983
3288960
3292557
3304482
3306262
3311295
3313143
3313348
3313921
3326779
3338135
3339673
3341679
3372469
3377067
3398605
3402132
3415753
3425198
3429262
3432972
3437016
3454274
3460243
3460769
788573
3472383
3474585
3476159
645610
3485581
3485648
3486930
3490316
3495933
3498923
3510083
3526713
3526876
128503
3551761
3563348
3574088
3582255
81504
3586095
3591580
3599599
785760
3608204
745240
804807
4308828
3623950
3625698
4420839
3655262
3672635
3674693
3675923
3678898
3689623
3703169
3720432
3721126
3725977
3730313
698296
3750550
3756908
3767467
4344351
3777162
3781816
3791646
816451
3805786
519232
3808853
3822178
3824796
3826011
3826315
3829278
3834835
3835597
3840972
3843288
3860764
3877343
3877367
3880986
3882183
3883136
129193
3893397
3905393
3912756
3917462
3935818
3935866
3936004
3941139
3942685
3944858
3946733
3954336
3956808
3976970
3978769
815942
623682
4007299
4008231
4008646
4013696
4024528
4026143
4046531
4055164
4067753
4073340
4083118
4096185
4105724
4106458
658635
4123579
4127893
4132075
108028
4150998
4162294
4165717
4170037
4172691
784256
4183921
4190059
4204363
4204932
4216614
4217190
4219370
4222524
4237326
4238234
4243866
4244762
4256381
4256926
4259413
4263526
715963
4272985
4275953
4286813
4288258
668356
4296034
4299221
4300623
4303534
4304879
4308164
4314836
4318834
4325014
4325521
4326492
4326603
4326876
4327050
4327244
4327604
4328150
4328648
4328767
4329084
4329133
4329682
4329768
4330063
4332986
4333409
4333571
4334863
4336960
4338114
4340733
4341323
4341810
4342139
4342314
4343121
4343390
4343519
4343683
4344960
4345046
4345952
4345956
4346945
4347248
4347267
4348277
4348550
4348874
4350433
4350952
4350983
4351388
4351467
4351645
4352206
4354087
4354946
4355323
4355347
4355411
4355625
4356129
4356131
4356693
4357341
4357656
4357903
4358041
4358870
4358969
4359399
4359594
4360145
4360542
4360820
4361038
4361046
4361625
4365254
4365877
4366194
4367422
4367893
4367894
4368012
4368307
4368365
4368567
4370726
4370809
4371454
4372410
4372921
4374740
4375316
4375475
4375497
4375651
4377809
4378636
4379510
4382412
4383187
4383605
4383765
4384372
4385065
4385288
4386375
4386580
4387942
4388547
4388598
4388736
4388850
4390590
4390980
4391547
4392741
4392899
4393521
4393682
4393998
4394359
4394429
4394966
4395015
4395616
4396056
4396792
4397354
4397980
4398043
4398454
4398521
4398962
4399217
4400115
4400185
4400244
4400920
4401067
4401705
4401860
4402257
4402453
4402844
4402904
4403600
4403730
4403820
4404992
4405305
4405653
4406407
4406668
4406729
4407493
4407494
4407904
4408003
4408150
4408777
4408815
4409882
4410087
4410509
4410987
4411321
4412145
4412345
4412501
4412840
4413120
4413127
4413755
4413941
4415491
4417490
4417624
4419676
4420453
4420776
4420943
4421459
4421738
4422068
4422718
4423989
4424397
4425945
4426132
4426745
4429306
4430726
4431477
4431534
4432878
4433531
4435249
4435752
4435940
4436356
4436393
4436531
4436966
4439176
4440880
4443190
4443700
4443926
4444348
4444741
4446413
4446811
4448230
4448288
4448519
4448866
4448947
4449878
4449967
4450729
4451511
4452778
4453050
4453271
4453403
4453452
4453985
4454428
4454753
4454849
4456166
4456362
4457669
4458380
4460022
4461903
4462324
4463166
4463212
4464508
4465450
4465770
4466830
4467602
4467649
4469333
4469345
4469454
4469832
4471499
4471598
4472697
4473713
4474784
4475069
4476067
4476364
4476741
4477120
4477681
4477819
4477878
4479118
4479129
4479146
4479625
4479749
4480115
4480468
4481323
4484067
4484150
933076
649969
531271
529416
526964
471218
470690
359894
285342
269121
267312
255315
253592
252944
252545
243787
238720
237861
233066
229771
226044
225030
216145
212362
210224
205587
187016
186470
181142
178974
169692
156789
152457
150477
146450
145370
142642
140276
139494
137114
137113
135883
133501
133209
128770
112417
112073
111673
108256
104684
1577647
1802115
1885221
1889934
1894655
2026882
2032363
2058825
2086773
2289218
2504699
868041
2591255
2631853
2667143
2808134
2940299
3030226
3080437
3146165
3171334
3195326
3251608
3427182
3630583
3784989
3867975
3906081
4032177
878299
4274368
4326142
4335697
4338265
4359816
4367067
4367774
4371156
4378647
4387918
4397090
4400661
4408082
4410174
4413383
4416518
4416519
4418037
4418680
4420237
4463343
4471291
4475393
4485635
4485373
4484765
4485455
4485175
4484769
4485685
4485132
4484851
4485225
4484766
4485057
4484742
4484972
4485289
4484631
4484747
4484589
4484497
4484585
4484591
4485292
4485682
4485730
4485731
4484877
4484781
4485075
4484926
4484876
4484941
4485617
4485233
4485086
4485670
4485082
4485562
4484974
4485222
4485452
4484675
4485178
4484656
4484532
4484975
4484569
4485515
4485647
4484870
4485163
4484866
4484799
4485242
4484867
4485540
4485047
4484928
4484852
4484810
4484925
4485287
4485713
4484653
4484625
4484654
4484626
4484857
4485420
4484549
4485040
4484862
4485677
4485045
4484738
4484951
4485450
4484950
4484559
4485449
4485246
4485382
4485151
4485051
4484909
4485587
4485022
4484734
4484740
4484749
4484533
4485639
4484757
4484760
4485638
4485673
4484983
4485089
4485646
4485071
4484966
4485112
4485285
4484949
4484710
4485519
4484991
4485415
4485544
4485116
4485569
4484668
4484618
4485633
4485001
4485021
4485545
4484667
4485002
4485543
4484666
4484748
4485028
4485263
4485015
4485260
4485533
4484947
4484531
4484977
4485245
4484721
4485133
4484995
4484787
4484517
4484847
4485197
4484718
4484562
4484910
4485401
4485129
4484824
4485400
4485604
4485076
4485036
4484620
4484700
4484727
4485434
4484744
4484808
4484699
4484698
4485298
4484534
4484599
4484622
4484940
4485375
4484621
4485722
4485054
4484992
4484843
4484519
4484879
4484873
4484537
4485598
4485180
4485413
4484849
4484918
4485068
4485050
4485138
4485586
4485273
4484759
4484566
4485167
4485196
4484790
4484789
4485136
4485220
4485193
4485118
4485457
4485119
4484624
4484978
4485366
4485322
4485549
4484855
4484903
4485563
4485714
4484709
4484939
4484714
4484937
4485664
4485010
4484567
4485669
4485070
4484827
4484917
4485518
4484848
4485160
4485448
4485003
4485123
4485127
4484965
4485573
4485095
4485709
4485153
4485152
4485451
4484615
4484592
4484980
4485216
4485391
4485460
4484954
4484963
4484780
4484822
4485335
4485628
4484525
4484680
4485523
4485555
4484645
4484644
4484646
4484643
4484642
4484899
4485590
4485614
4484676
4485376
4485566
4485645
4485372
4485411
4485221
4485321
4485402
4484838
4485162
4485159
4485578
4484737
4485383
4484633
4484595
4484587
4484583
4484882
4484791
4484938
4484792
4484546
4484793
4485454
4484915
4485693
4484588
4484564
4485035
4484730
4485280
4485534
4484930
4485027
4484713
4485644
4484767
4484922
4484516
4484715
4485023
4485662
4485176
4484895
4485557
4485049
4485339
4484628
4485496
4484648
4485509
4484741
4484871
4484905
4485703
4485048
4485134
4485249
4484753
4485369
4485358
4485115
4484630
4485052
4484571
4485251
4485174
4484826
4484697
4485514
4484553
4485542
4484828
4485194
4484923
4485074
4485000
4485343
4485556
4485710
4484834
4485314
4484945
4485552
4484865
4485147
4485394
4484770
4485521
4484859
4485019
4485072
4485575
4485585
4484746
4484864
4485422
4484863
4485238
4485262
4485031
4484942
4484819
4485610
4485158
4484609
4485110
4484611
4484687
4485461
4484505
4485264
4485462
4485463
4485541
4484845
4485696
4485371
4484582
4485381
4485092
4485091
4485020
4485139
4484508
4484512
4484513
4484510
4485487
4485148
4484598
4485498
4484663
4484639
4485161
4485256
4485706
4484775
4485081
4484694
4485039
4485227
4484854
4484768
4484764
4485648
4485425
4484552
4484612
4485211
4485660
4485041
4484607
4484610
4485733
4484994
4484661
4485399
4485005
4485674
4484728
4485303
4484856
4485150
4484724
4485574
4484833
4485609
4485512
4485409
4485259
4485069
4485217
4485056
4484907
4485535
4485024
4485567
4484550
4485338
4485666
4485058
4485244
4485257
4485414
4485475
4485513
4485179
4484908
4485236
4485235
4485279
4484858
4484924
4485120
4485122
4485681
4484946
4484943
4485524
4485286
4485396
4485589
4485672
4485149
4485631
4484570
4484498
4485546
4485368
4484773
4485504
4485173
4485444
4485247
4485443
4485043
4485690
4485301
4485199
4485404
4484962
4484958
4485304
4484955
4484956
4484959
4485528
4484681
4484961
4484996
4485378
4485636
4485516
4484584
4484649
4485377
4485561
4485318
4485507
4484927
4485284
4484678
4484679
4485142
4484761
4485143
4484655
4485517
4485579
4484619
4485013
4485554
4485155
4485387
4485419
4484690
4484500
4485348
4485241
4485558
4484929
4484708
4485032
4484911
4484717
4485011
4485680
4484613
4484796
4484743
4485181
4485230
4485278
4485346
4484590
4484979
4484686
4484890
4485565
4485433
4485125
4484774
4485146
4485530
4485532
4485572
4484712
4484682
4485640
4484672
4485531
4485191
4485675
4485189
4485724
4485729
4484736
4485511
4485491
4484904
4484807
4485620
4485621
4485185
4485691
4484968
4485506
4484842
4484889
4484840
4485416
4484776
4485468
4484565
4485170
4485094
4485252
4485353
4484846
4484635
4485477
4484593
4485591
4485223
4484605
4484878
4485046
4484739
4485435
4484804
4485206
4485053
4485624
4485365
4484860
4485315
4484887
4485615
4485482
4485302
4484934
4485085
4485169
4485469
4485694
4485156
4485062
4485725
4484695
4485014
4484920
4485651
4485190
4485695
4485384
4484800
4485385
4485248
4485388
4485389
4485386
4484801
4484671
4485701
4485237
4484716
4485721
4485171
4485442
4485441
4484669
4484658
4484629
4484913
4485403
4485407
4485255
4485577
4485215
4485508
4484837
4485643
4484507
4484509
4484688
4485135
4484536
4484921
4485209
4485208
4485210
4485600
4485418
4485207
4485564
4485380
4485712
4485637
4484944
4484898
4484673
4485033
4484900
4485018
4485025
4485536
4485345
4484608
4484693
4485357
4485692
4485470
4485261
4485270
4484916
4485320
4485459
4485560
4484762
4484501
4485397
4485141
4485124
4484515
4485616
4485593
4485390
4485723
4485219
4485218
4485079
4484779
4484529
4485184
4484506
4484651
4485393
4484674
4485121
4485370
4485597
4485568
4484647
4484841
4485697
4485379
4485642
4484874
4485117
4485037
4484953
4484640
4485093
4484935
4484696
4484527
4485166
4485195
4485164
4485281
4484711
4484948
4485700
4484623
4484853
4484627
4485329
4485650
4484936
4485559
4484825
4485472
4485055
4485172
4484861
4485044
4485417
4485576
4484813
4484650
4485446
4485445
4485083
4485447
4485269
4485034
4485042
4485017
4484554
4485595
4485492
4485240
4484823
4485582
4485239
4485641
4485705
4485395
4484821
4485405
4484957
4485525
4484868
4484875
4485728
4484998
4485111
4485231
4484869
4485424
4485084
4485466
4484616
4484751
4484999
4485571
4484850
4484520
4484617
4485708
4485016
4485583
4484988
4485330
4484931
4484745
4484993
4484763
4484912
4484896
4484636
4485183
4485140
4485678
4484586
4484720
4485665
4485580
4485495
4484733
4485324
4485671
4485374
4484548
4485165
4485030
4484989
4484973
4485088
4485029
4484670
4484886
4485676
4485205
4485629
4485108
4484735
4484795
4485344
4484652
4485520
4485254
4485623
4485622
4485337
4485004
4484818
4484660
4484844
4484872
4484494
4485570
4484880
4485630
4484755
4485290
4485258
4484802
4485720
4485026
4485253
4485679
4484914
4485154
4485667
4484523
4485306
4485464
4485584
4485291
4484820
4484526
4484756
4485012
4485606
4485157
4484689
4484677
4485613
4485668
4485634
4484814
4485548
4484902
4484986
4484987
4485064
4485061
4485066
4484836
4485067
4485065
4485063
4485201
4485683
4484883
4485038
4485471
4484560
4484932
4485327
4484805
4484641
4484952
4485182
4485592
4484960
4485663
4484576
4485305
4485198
4485250
4485128
4485707
4484906
4484754
4484758
4484812
4485234
4484521
4485243
4485467
4484817
4485268
4485392
4484885
4484891
4484919
4485581
4484815
4484816
4484752
4484511
4485529
4485412
4484897
4484835
4485522
4484811
study_1
study_2
study_3
study_4
study_5
study_6
study_7
study_8
study_9
study_10
study_11
study_12
study_13
study_14
study_15
study_16
study_17
study_18
study_19
study_20
study_21
study_22
study_23
study_24
study_25
study_26
study_27
study_28
study_29
study_30
study_31
study_32
study_33
study_34
study_35
study_36
study_37
study_38
study_39
study_40
study_41
study_42
study_43
study_44
study_45
study_46
study_47
study_48
study_49
study_50
study_51
study_52
study_53
study_54
study_55
study_56
study_57
study_58
study_59
study_60
study_61
study_62
study_63
study_64
study_65
study_66
study_67
study_68
study_69
study_70
study_71
study_72
study_73
study_74
study_75
study_76
study_77
study_78
study_79
study_80
study_81
study_82
study_83
study_84
study_85
study_86
study_87
study_88
study_89
study_90
study_91
study_92
study_93
study_94
study_95
study_96
study_97
study_98
study_99
study_100
study_101
study_102
study_103
study_104
study_105
study_106
study_107
study_108
study_109
study_110
study_111
study_112
study_113
study_114
study_115
study_116
study_117
study_118
study_119
study_120
study_121
study_122
study_123
study_124
study_125
study_126
study_127
study_128
study_129
study_130
study_131
study_132
study_133
study_134
study_135
study_136
study_137
study_138
study_139
study_140
study_141
study_142
study_143
study_144
study_145
study_146
study_147
study_148
study_149
study_150
study_151
study_152
study_153
study_154
study_155
study_156
study_157
study_158
study_159
study_160
study_161
study_162
study_163
study_164
study_165
study_166
study_167
study_168
study_169
study_170
study_171
study_172
study_173
study_174
study_175
study_176
study_177
study_178
study_179
study_180
study_181
study_182
study_183
study_184
study_185
study_186
study_187
study_188
study_189
study_190
study_191
study_192
study_193
study_194
study_195
study_196
study_197
study_198
study_199
study_200
study_201
study_202
study_203
study_204
study_205
study_206
study_207
study_208
study_209
study_210
study_211
