taxon_oid	16S_rRNA_Count
2032363	1
3784989	1
2026882	1
4416519	1
2058825	1
4387918	1
243787	1
4484708	1
2631853	1
4359816	1
3171334	1
4416518	1
108256	3
267312	1
225030	1
4338265	2
1577647	3
169692	2
3030226	1
4418680	3
4397090	3
186470	1
252944	1
1889934	1
226044	1
2808134	2
229771	2
1885221	2
4400661	2
142642	2
2086773	2
3906081	2
1894655	2
233066	3
156789	3
253592	2
205587	3
252545	3
255315	3
285342	3
237861	4
3195326	2
212362	3
216145	1
4032177	2
2940299	3
4367067	2
526964	1
187016	2
146450	3
139494	3
4378647	3
150477	4
4475393	3
152457	4
2591255	2
145370	2
3080437	2
135883	7
4463343	3
238720	1
104684	1
3146165	1
2289218	1
210224	1
178974	1
112417	1
529416	1
137113	1
4410174	1
4471291	1
133501	1
933076	1
4420237	1
3251608	1
4408082	1
2504699	1
1802115	1
878299	1
3427182	1
4274368	1
531271	1
4335697	1
137114	1
4485287	1
4371156	1
111673	1
359894	1
2667143	1
181142	1
4484650	1
112073	1
4367774	1
3630583	1
4418037	1
868041	1
238741	2
3078923	5
2283711	4
4433531	5
4383187	5
2451488	5
2680223	5
4162294	5
3591580	5
2752477	5
240847	2
3781816	2
4469345	6
4318834	2
233395	2
4426745	2
346429	2
4325521	1
252888	1
199635	3
2472963	3
174245	3
1093452	6
362631	6
4480115	6
4446811	6
205487	5
4024528	6
1832008	5
4344351	4
128668	7
853882	2
3233360	6
213398	6
269869	6
343072	3
471384	6
3338135	5
197035	10
222801	9
4348277	6
4448519	6
4484570	2
129191	4
287314	3
244434	3
2764126	3
2103949	6
350050	12
772282	1
172489	2
1690562	10
242503	8
2439887	3
4413127	5
4393521	3
3129281	2
3313921	4
2436699	4
4183921	2
471420	2
148517	2
303756	2
250283	2
4351645	1
3808853	1
3048193	1
156880	1
363839	8
128637	2
3586095	4
245826	5
4008646	4
3935866	6
176827	6
4456362	5
236419	5
698296	2
4408777	3
1634660	1
2783236	4
2540794	3
3377067	9
2175894	6
4436356	10
242701	10
471249	11
128769	11
128593	11
4368307	11
4333409	11
128502	11
4453050	7
3840972	10
471280	14
4263526	12
128531	12
129115	13
3826315	14
2920184	13
3805786	13
242550	13
128514	7
129050	8
471256	7
128625	7
4368567	11
81504	12
251227	7
2769758	7
2875429	9
3272844	10
4204932	8
129027	10
191302	14
128897	14
4406668	14
3472383	5
1578654	2
4008231	6
4417624	6
129225	6
4410509	5
2066374	6
128952	5
356687	7
189350	2
3582255	2
398854	2
128497	2
129029	2
3942685	2
471418	6
157716	2
4484996	2
2500552	2
326977	5
471186	2
4328648	4
4448230	4
4480468	4
773978	4
4286813	3
1680183	3
2609286	4
325855	4
327510	4
4422068	4
3454274	4
2722754	4
4296034	3
4399217	1
4396792	3
4485324	1
3227824	1
281799	3
4485377	3
4485376	3
4485378	3
4190059	3
167322	2
64683	1
817858	1
817028	1
2357633	1
311337	1
108295	1
279975	1
349837	1
349112	1
3208510	3
4357341	1
2053803	1
2885638	1
4388598	1
234467	2
231176	2
471333	15
2819473	2
290517	3
129063	3
244991	3
1744589	3
128423	3
141718	3
2935009	3
229012	3
250503	3
58033	3
3059028	1
47707	1
79454	1
182084	1
3791646	1
4407493	1
4404992	1
64248	1
3720432	1
4440880	1
4402257	6
161380	6
188447	6
4096185	6
267551	6
141034	6
163928	6
3486930	5
129121	4
202618	4
211938	4
188012	5
293763	5
238272	5
281438	6
213656	4
140005	4
206206	4
4345952	4
4484728	3
3672635	6
4406729	7
1962306	6
201088	4
156644	6
4448866	6
471221	3
1611605	3
4477819	3
1803423	3
2834267	3
4329133	3
224794	3
4348874	2
246477	3
242988	4
191674	3
246717	3
128665	3
247934	3
194543	3
242938	3
711042	3
4436531	3
128634	3
3678898	3
829874	3
4361046	3
4374740	2
342865	1
363476	2
91372	1
138503	1
3030171	1
4256926	1
4325014	2
259608	2
333765	1
431766	3
2838848	1
4409882	3
2867020	3
2801645	1
4055164	1
146862	2
316248	2
345429	2
129014	2
471188	3
4395015	1
1911677	2
3608204	1
4451511	1
1680485	1
257992	1
4402844	1
233692	1
4350433	1
4412501	4
142596	4
4411321	3
128790	2
3177679	2
2472702	2
270365	2
4454849	2
4165717	5
4046531	4
350896	3
3429262	2
1767081	6
128860	2
140390	2
2607833	2
4410087	2
660639	2
628249	2
129163	2
680562	2
788573	2
517757	2
761865	2
745240	2
790585	2
625553	2
1964521	2
2668680	2
4390590	1
83486	1
155301	1
112346	1
49993	1
3079206	1
521709	1
4448947	1
344813	2
141021	1
292137	2
343158	2
187901	2
226847	1
143100	2
471209	3
244957	3
471224	3
347501	1
129307	8
156939	5
471427	7
4357903	7
3941139	2
1916188	2
4377809	2
784256	1
785760	1
129270	11
356701	14
1856194	9
281552	11
256607	8
248271	8
262373	9
289675	11
610698	9
256149	9
2138712	9
471238	8
4457669	9
471299	11
2370790	10
4446413	9
251698	7
2778461	7
1754342	9
179774	10
128682	10
168694	8
166193	10
235414	8
4343683	6
2398623	6
471262	6
471288	4
829865	4
131988	9
2205933	3
4415491	1
355966	2
2278661	2
1708611	4
471202	5
129201	5
129086	6
218364	6
2048892	2
4422718	3
4327244	4
605028	4
4342139	4
822270	4
471191	3
356835	1
369055	1
247344	1
83477	1
249377	1
2156406	2
471434	7
2266188	7
2761928	3
158042	4
138521	6
293753	5
4338114	2
2622699	2
4463212	2
163628	3
203565	4
4219370	2
109890	1
223996	1
2778915	1
4400115	1
4365877	1
3313143	4
158195	4
3110915	4
245121	5
3201462	2
2469997	1
4435940	2
471374	5
2288536	6
471447	6
2081098	2
3526876	2
2874789	2
128546	7
3893397	10
207682	9
4402904	2
144444	4
1964627	3
392116	3
4355347	5
4352206	4
187415	5
128845	5
2918986	3
1800506	2
4431534	2
225045	3
2779358	7
4444348	7
2775244	7
2760629	7
303702	2
3623950	2
250733	2
3834835	4
4314836	8
4326603	8
4412145	3
139026	1
151524	1
2131613	1
3011620	1
278595	1
4484663	7
4073340	8
645610	1
218513	7
1041484	4
128827	4
3944858	1
4423989	7
2185462	7
2288451	7
2953997	7
3254541	7
804807	7
297358	7
2706578	1
4395616	7
810933	7
4407494	7
4385288	7
835310	7
519232	7
3173192	7
394740	7
4026143	7
3829278	7
2820600	6
3905393	7
3574088	7
128433	7
524980	7
4485633	7
1826982	7
2592403	7
3226421	7
241156	7
623682	7
305892	7
150517	7
129044	7
4383605	7
1930325	7
663604	7
176530	7
1877257	7
4272985	7
1744100	7
4413755	7
162760	7
128812	7
4359594	7
1540667	7
245370	7
263847	7
156719	7
836673	7
471441	7
4469333	3
660880	1
3311295	5
2718311	5
4449878	5
765906	1
755255	1
2560266	1
262217	9
471344	9
4341810	7
241364	2
677921	3
2483597	3
471284	4
3126923	2
226145	6
471197	6
267062	3
238461	3
152628	3
250583	3
284102	3
186071	3
253024	3
3976970	3
4388547	3
4405653	3
4477681	2
149988	2
258045	3
1780415	3
129151	5
3956808	3
4237326	2
3476159	2
3341679	1
2995612	8
421879	10
4393998	10
4385065	8
1729080	8
471360	10
352664	4
337418	2
141204	3
1676804	2
3313348	4
4452778	4
651131	2
4299221	2
233864	2
4372410	3
97840	1
235957	4
342971	4
128717	4
2578714	2
2985051	1
188893	3
3261476	3
129218	6
675087	6
2224305	6
2123044	6
150526	6
4390980	6
2167243	6
814852	6
816451	6
128470	6
683920	6
471412	6
4394966	5
1842075	4
4397354	4
4443926	2
3655262	4
194409	2
471318	4
4379510	2
4367894	2
2844103	2
4386580	1
4334863	2
356671	2
514177	2
516347	2
2869003	2
4375316	2
1921980	2
330405	2
3563348	2
4397980	2
2573910	2
2479836	2
2428671	2
361918	2
3372469	2
3460769	2
2867764	2
3912756	2
2615429	2
654465	2
268307	10
2223575	3
215083	2
4421738	2
170898	5
3725977	5
2095944	1
4083118	1
311137	2
4453985	1
165618	1
128687	4
4402453	8
2199910	2
4275953	3
153653	1
252382	2
3777162	5
4329768	2
4401705	5
4309354	4
339584	8
4259413	8
4351388	3
159436	1
376720	2
3153296	2
4401860	2
128961	4
4485472	4
179419	5
194022	5
2455890	5
348855	5
4481323	4
916690	9
161656	9
181072	9
2821279	9
659157	5
259426	5
182392	6
252324	4
2417119	4
2858425	4
129236	6
3978769	5
4305481	5
2060924	5
232294	6
262739	6
4238234	5
592611	5
4375475	5
144622	7
717479	7
4394429	6
2507353	6
128822	6
4356693	6
3877343	7
159002	2
4436393	3
4388736	4
2456573	1
4405305	3
4308828	3
129136	3
129227	3
129129	3
108713	1
304981	2
266646	2
174504	2
128503	2
258496	2
4343121	5
4464508	4
4473713	4
177281	4
128465	6
4361625	5
2345736	5
471350	6
129007	6
128563	6
4360145	6
2560633	6
196030	6
471394	10
3119708	4
193562	3
2817226	2
3826011	2
1980062	2
817563	3
471450	3
471468	8
4406407	2
2254758	2
4420776	2
129089	2
3510083	2
295454	1
200840	1
156646	2
4013696	5
2645000	5
254667	5
289369	5
2660469	6
259857	6
1909922	2
128429	2
4356131	2
4132075	3
4400920	2
3935818	2
3339673	1
471226	2
3286983	3
3046726	3
2338591	2
142641	1
4398454	4
4170037	1
175923	1
137555	1
4485171	1
184499	1
4426132	1
224220	2
2137505	2
3936004	1
108810	1
269840	1
189192	2
204252	2
183678	2
160932	2
54279	1
234320	1
231446	1
42375	1
4359399	1
197037	1
197531	2
3703169	2
317108	1
4396056	2
141287	2
462568	1
4392741	2
2158755	2
4243866	2
4485155	1
540483	2
4467649	2
4412840	2
108028	1
4367422	1
1696180	2
824722	1
103186	1
137824	1
138119	1
2611489	1
2124151	2
108671	1
526890	2
531155	2
709004	2
129114	2
76821	1
711230	1
108728	1
49947	1
137538	2
355323	4
4403600	2
301787	4
2503593	4
128795	4
347789	4
4484827	4
4448288	4
245387	4
556496	4
187020	4
128809	4
2122727	4
129158	4
815942	4
1563515	1
153370	1
2998997	2
241989	3
138868	1
4407904	2
140564	2
4366194	2
155255	1
243062	1
141903	1
128807	3
4367893	2
4408150	5
1632697	4
471266	4
152369	3
3288960	2
128907	7
251840	4
4479129	4
179317	2
4485125	1
3756908	1
4288258	1
232609	1
301131	1
4336960	12
3877367	14
1742294	12
3016087	8
4476067	3
4413120	6
4354946	7
471216	7
191707	3
2092399	1
4479625	1
138378	6
471486	7
2417152	7
4256381	7
197806	5
4471598	3
3485581	4
152460	2
179754	4
143806	2
356467	3
335683	2
3835597	2
236730	2
108035	15
3599599	7
128862	7
4360820	1
4383765	2
1942268	2
156873	1
4346945	1
292898	4
129021	4
4007299	4
4392899	4
4436966	1
3843288	1
2334620	1
3822178	1
4391547	2
142421	1
128676	2
4401067	1
3750550	1
4341323	1
88136	1
92037	1
161964	2
3490316	2
4408003	2
231102	2
128675	2
129049	3
4465450	3
2885749	2
347487	1
471460	7
160310	5
140750	9
471509	4
250958	4
129124	4
186514	4
160347	7
134663	5
140483	6
223278	4
1675012	7
230309	6
263564	7
4342314	7
4479118	7
218633	4
137936	5
3526713	5
150512	5
3272947	2
4420453	4
157086	4
229175	5
190558	10
4382412	7
2134611	3
284476	3
50403	4
244416	2
146634	3
348109	3
2608235	3
4372921	3
471453	3
4326492	4
221045	4
212696	4
4471499	4
326714	4
4328767	4
1812772	5
164094	4
153264	2
4466830	2
4485290	1
174325	2
155628	2
156594	2
4485707	2
4350952	2
153596	1
4105724	2
145022	4
4388850	1
4387942	1
2028276	1
2272651	1
4484067	1
4123579	1
48125	1
4403820	1
4244762	1
4485714	1
4453452	1
4328150	1
2436670	1
3198667	1
2238139	3
4465770	2
4370809	1
240510	2
235029	2
4400185	3
2474302	3
160679	1
129026	3
159756	5
4424397	4
798581	1
4477878	1
715963	1
4420943	3
153125	2
216402	4
3292557	1
250004	3
219618	3
346026	7
4394359	7
471493	7
782852	8
4474784	7
3495933	7
2626917	7
129011	7
3304482	7
4485358	7
128794	7
2143602	7
922872	7
3883136	7
128884	7
312701	7
317180	7
330638	7
335145	7
4398521	4
4358870	4
2546331	1
242208	7
193929	8
255231	10
238079	10
1793826	10
156825	8
171319	9
267934	10
212576	8
4300623	9
236502	11
360010	8
223938	8
246712	12
196404	9
166714	9
170907	9
198302	8
1785685	14
267902	10
283204	7
145029	7
519687	7
129310	7
168839	7
4332986	2
3625698	2
146617	7
198925	2
471515	4
2547205	2
3689623	3
4475069	2
161242	1
4326876	2
4413941	4
2296518	2
3946733	4
4477120	2
733659	5
150530	5
138686	6
668356	5
247822	6
234650	6
658635	5
4333571	5
132880	5
4439176	5
1972977	6
150527	6
235725	5
138523	5
156093	5
4303534	5
582902	5
4479146	5
153057	5
243295	5
1523274	5
471369	5
128855	5
141241	6
131016	5
4360542	6
3954336	4
138689	6
2117818	1
1647599	4
342627	4
3498923	2
4370726	5
128714	7
139852	7
128730	7
1655485	5
4484150	5
2683818	6
2649931	5
305267	5
2346025	6
244710	4
2952856	4
4443190	5
4438603	5
2587333	4
3222668	4
2248438	4
4476364	4
260564	4
187733	4
318253	4
269786	4
654294	4
753069	4
4410987	4
610483	4
3485648	4
129118	4
4431477	4
129053	4
4417490	4
129112	6
138522	6
157099	6
158191	6
129070	6
158519	6
137663	6
128785	5
128782	6
158500	6
314879	6
128616	6
3880986	6
205758	4
4222524	4
3306262	4
2472796	4
763780	4
846121	4
3171095	4
3326779	4
128726	6
197885	6
129061	6
816264	5
4403730	5
129193	6
3675923	6
471307	6
4358041	6
2118299	6
3730313	6
471184	2
289250	3
4378636	4
144864	4
4106458	3
250576	3
129288	6
128998	2
142996	2
154574	2
149535	2
2905335	2
231184	1
4355323	2
471495	2
4347248	4
170933	3
2677385	2
145355	1
3425198	3
4453271	3
4375651	1
4375497	4
2772794	2
4454753	3
3200224	3
2158722	4
4327604	4
4469454	4
259587	4
4460022	4
471364	4
471378	4
1997550	5
4476741	2
471206	4
2108713	4
4456166	1
320868	1
2261538	1
4444741	4
4435249	3
471471	3
253887	4
55947	1
239729	1
49474	1
3767467	1
3824796	1
227799	1
4358969	1
4172691	3
4304879	2
128421	2
129123	2
4327050	1
138950	2
142595	3
3402132	1
4449967	8
129174	2
798151	2
4330063	2
293340	2
4357656	2
4485703	1
79992	1
3674693	2
4393682	2
471337	2
128787	2
325328	2
3437016	2
391131	2
2868489	4
179442	3
4361038	7
4355411	7
223200	8
522169	8
260545	12
333514	1
836702	7
471505	11
128968	11
4340733	11
4217190	8
235488	9
4150998	9
98036	9
4368012	2
1524916	5
142004	2
4345956	1
339443	1
108447	1
4432878	1
128801	3
246824	2
4462324	2
128507	2
133030	2
128705	2
471511	2
4479749	2
152746	2
128667	2
302284	2
4127893	7
4344960	7
4400244	3
129059	2
261560	2
264435	2
128908	2
4412345	2
249867	7
159719	7
1804159	6
529046	6
527353	6
2958927	7
846048	7
160634	7
218141	7
2836974	6
2879076	7
256286	7
128947	7
278384	7
261946	7
4343390	3
128454	3
4472697	3
3415753	2