#OTU_IDs	16S_rRNA_Count
4479129	4.0
469478	4.0
469479	4.0
470925	5.0
261722	9.0
4372921	3.0
469949	2.0
330295	1.0
726547	10.0
4484838	3.0
4436393	3.0
4484833	1.0
4484526	5.0
4484527	5.0
4484836	9.0
4484837	9.0
4484834	9.0
4484523	3.0
4485108	5.0
261921	13.0
378060	4.0
2108713	4.0
2092399	1.0
469778	7.0
2081098	2.0
262033	13.0
470899	7.0
2357633	1.0
262038	2.0
782852	8.0
4484932	5.0
3454274	4.0
196404	9.0
235414	8.0
660880	1.0
155255	1.0
4378636	4.0
2053803	1.0
4244762	1.0
4405653	3.0
3153296	2.0
250283	2.0
4481323	4.0
218141	7.0
263029	9.0
260457	1.0
129193	6.0
392116	3.0
261458	7.0
245826	5.0
128908	2.0
128907	7.0
289250	3.0
262630	9.0
878299	1.0
4358870	4.0
2918986	3.0
3826315	14.0
128470	6.0
253887	4.0
4485013	7.0
4485012	7.0
4485011	7.0
4485010	7.0
469898	4.0
4485016	7.0
4485015	7.0
4485014	7.0
212195	4.0
4485019	8.0
469897	4.0
105626	7.0
4484931	2.0
469893	3.0
4484686	4.0
4371454	3.0
4484529	5.0
261218	12.0
469480	4.0
469737	6.0
247861	9.0
study_48	2.0
study_49	4.0
study_46	3.0
study_47	4.0
study_44	4.0
study_45	7.0
study_42	4.0
study_43	2.0
study_40	2.0
4484789	3.0
609407	6.0
4398454	4.0
549099	5.0
3476159	2.0
4073340	8.0
4484521	13.0
152746	2.0
454151	4.0
4485129	6.0
4485128	3.0
4485127	3.0
4485125	1.0
4485124	5.0
458803	4.0
402870	6.0
4485121	5.0
4485120	5.0
2223575	3.0
391131	2.0
170933	3.0
4347248	4.0
204398	9.0
265649	1.0
2143602	7.0
558460	12.0
139026	1.0
484401	4.0
484406	2.0
470663	6.0
470662	5.0
4485417	6.0
108713	1.0
4485416	6.0
198302	8.0
321100	9.0
49947	1.0
3313348	4.0
129053	4.0
4477120	2.0
3398605	1.0
2058825	1.0
4485239	4.0
567540	11.0
469871	4.0
4485233	3.0
4013696	5.0
4485231	2.0
471427	7.0
4485237	4.0
4485236	4.0
4485235	4.0
4485234	4.0
193916	3.0
211138	3.0
484315	4.0
4485159	1.0
4329682	7.0
4412501	4.0
83477	1.0
238096	9.0
765906	1.0
4464508	4.0
138868	1.0
570173	12.0
4429306	3.0
326977	5.0
2398623	6.0
160679	1.0
4485346	4.0
4485345	3.0
4485344	3.0
4485343	3.0
4485348	1.0
470243	6.0
470534	5.0
470241	5.0
2500552	2.0
4412345	2.0
4340733	11.0
471333	15.0
156385	5.0
268527	6.0
471337	2.0
238272	5.0
361012	2.0
471114	5.0
2456573	1.0
243787	1.0
4485648	13.0
802685	13.0
4485642	7.0
4485643	7.0
360010	8.0
4485641	7.0
4485646	13.0
4485647	13.0
4485644	7.0
4485645	11.0
4484748	13.0
4484749	13.0
313166	5.0
129236	6.0
159719	7.0
4484740	12.0
4484741	12.0
4484742	12.0
4484743	12.0
4484744	12.0
4484745	13.0
517757	2.0
137958	2.0
471206	4.0
471202	5.0
4274368	1.0
471209	3.0
4477878	1.0
1921980	2.0
470523	6.0
259549	7.0
207860	5.0
259608	2.0
2875429	9.0
137516	2.0
159436	1.0
4485733	4.0
4485730	4.0
4485731	4.0
4484605	3.0
4420453	4.0
4484607	12.0
260250	7.0
4485529	1.0
167565	5.0
97840	1.0
469646	4.0
327510	4.0
267652	4.0
258496	2.0
4350983	9.0
470398	2.0
212362	3.0
259942	9.0
103712	7.0
110636	3.0
223200	8.0
359026	7.0
244326	3.0
3485581	4.0
312701	7.0
816264	5.0
1964627	3.0
263990	4.0
4484519	13.0
527353	6.0
361069	7.0
4484511	11.0
4484510	11.0
4484513	11.0
4484512	11.0
4484515	1.0
4485671	5.0
4484517	3.0
155628	2.0
835310	7.0
266674	7.0
817028	1.0
261842	13.0
128860	2.0
128862	7.0
777218	4.0
4465770	2.0
4485678	5.0
4448866	6.0
4396056	2.0
608903	4.0
81504	12.0
4484995	7.0
4032177	2.0
4484996	2.0
4484991	4.0
165618	1.0
4484993	7.0
4484992	5.0
153264	2.0
4484999	9.0
4484998	9.0
4485082	2.0
128593	11.0
4420839	9.0
4484598	6.0
247676	4.0
4400185	3.0
292898	4.0
227799	1.0
4485579	5.0
4356131	2.0
145286	3.0
2607833	2.0
4484736	13.0
141204	3.0
141205	6.0
2428671	2.0
545959	12.0
415094	5.0
2048892	2.0
755255	1.0
4375651	1.0
128465	6.0
246477	3.0
364921	7.0
4485000	9.0
4485001	9.0
4485002	9.0
348633	3.0
4485004	2.0
4485005	2.0
4485570	5.0
4485076	6.0
537626	13.0
4338114	2.0
347789	4.0
4485572	5.0
297358	7.0
365543	7.0
4485573	5.0
153125	2.0
1744589	3.0
251168	8.0
261205	9.0
4408082	1.0
4343390	3.0
study_51	2.0
2769758	7.0
study_53	4.0
study_52	3.0
study_55	2.0
study_54	4.0
study_57	2.0
study_56	6.0
study_59	4.0
4463166	9.0
270056	8.0
140424	7.0
154282	4.0
128604	4.0
281799	3.0
249990	7.0
4366194	2.0
254667	5.0
4443926	2.0
4485138	6.0
4485139	6.0
4485134	6.0
4485135	6.0
4485136	6.0
560530	13.0
260082	13.0
4485132	6.0
4485133	6.0
138503	1.0
236730	2.0
163757	3.0
4485199	6.0
247099	9.0
3208510	3.0
4395616	7.0
128730	7.0
470650	5.0
249867	7.0
103186	1.0
4358041	6.0
254715	2.0
108728	1.0
4485191	3.0
4328150	1.0
333699	3.0
469861	4.0
470433	7.0
4485220	7.0
4485221	7.0
187415	5.0
2869003	2.0
4388547	3.0
4485225	2.0
256286	7.0
405639	4.0
2764126	3.0
264616	13.0
237998	11.0
2103949	6.0
157801	2.0
263693	9.0
179442	3.0
291728	7.0
187733	4.0
168694	8.0
269516	13.0
261946	7.0
4485463	4.0
146862	2.0
108035	15.0
4007299	4.0
333765	1.0
4485357	5.0
4237326	2.0
4485353	5.0
171319	9.0
268048	7.0
4485358	7.0
4484654	10.0
4405305	3.0
4480468	4.0
271095	7.0
285017	3.0
271092	2.0
2032363	1.0
4355347	5.0
269026	13.0
157716	2.0
271098	2.0
237861	4.0
471109	5.0
471106	2.0
4484775	9.0
4484774	9.0
4484776	9.0
4370726	5.0
4484773	3.0
4484779	3.0
161006	4.0
1680183	3.0
471307	6.0
538515	10.0
4485382	3.0
202618	4.0
4394966	5.0
4452778	4.0
283463	6.0
471216	7.0
129086	6.0
470219	4.0
156825	8.0
264769	7.0
471218	3.0
242550	13.0
263230	7.0
532556	2.0
1930325	7.0
4477681	2.0
258827	9.0
263239	13.0
330638	7.0
1856194	9.0
258820	11.0
4484618	3.0
159422	2.0
2867764	2.0
4484612	12.0
822270	4.0
4484610	12.0
4484611	12.0
4484616	3.0
4484617	3.0
4484615	5.0
4485585	5.0
4485584	5.0
224220	2.0
4485586	5.0
4485581	5.0
4485580	5.0
4485583	5.0
50403	4.0
4485589	5.0
533402	9.0
339443	1.0
263525	7.0
226847	1.0
2578714	2.0
325855	4.0
2094641	6.0
267868	13.0
4259413	8.0
249195	3.0
4333571	5.0
2935009	3.0
3048193	1.0
4484506	2.0
4484507	11.0
154205	5.0
229852	3.0
4484500	4.0
4484501	3.0
4485017	8.0
239021	4.0
4484508	11.0
4484509	11.0
469639	4.0
1690562	10.0
142642	2.0
3756908	1.0
4485691	4.0
4485690	4.0
4485693	4.0
4485692	4.0
4485695	4.0
212576	8.0
4485697	4.0
145355	1.0
342865	1.0
3292557	1.0
3655262	4.0
4484718	7.0
261053	12.0
4485018	8.0
2166055	4.0
4383187	5.0
469890	4.0
4485157	1.0
1964521	2.0
255822	4.0
250576	3.0
3882183	5.0
259661	7.0
398854	2.0
4400661	2.0
231102	2.0
3941139	2.0
163978	3.0
4484983	1.0
4484980	6.0
4484986	3.0
4484987	3.0
4485441	4.0
4484988	2.0
4484989	2.0
4485442	4.0
2626917	7.0
303807	1.0
4485443	4.0
2451488	5.0
559467	7.0
576665	3.0
356835	1.0
129007	6.0
4008646	4.0
340638	10.0
4371156	1.0
4356129	1.0
333163	1.0
181142	1.0
4375316	2.0
364930	7.0
609101	8.0
128454	3.0
229771	2.0
2261538	1.0
4431477	4.0
4485039	9.0
4326876	2.0
190558	10.0
4485035	8.0
4485034	9.0
4485037	9.0
4485036	9.0
4485031	7.0
4485030	7.0
4485033	9.0
4485032	9.0
260893	12.0
128634	3.0
128637	2.0
300050	5.0
173819	5.0
269758	13.0
study_24	4.0
study_25	4.0
study_26	2.0
study_27	6.0
study_20	4.0
study_21	6.0
study_22	4.0
study_23	4.0
study_28	6.0
study_29	4.0
745507	12.0
4392741	2.0
469987	9.0
227100	6.0
1793826	10.0
278595	1.0
1676804	2.0
250958	4.0
303756	2.0
156594	2.0
736550	12.0
269121	1.0
470642	3.0
363476	2.0
149056	3.0
149050	2.0
142004	2.0
250004	3.0
128705	2.0
128706	2.0
2779358	7.0
231446	1.0
269830	10.0
3582255	2.0
133030	2.0
269837	5.0
4485215	3.0
254355	3.0
4485217	3.0
4485216	3.0
4485211	12.0
4485210	2.0
252944	1.0
4484814	7.0
4485219	7.0
4485218	7.0
48125	1.0
469850	5.0
469852	3.0
469853	4.0
610011	4.0
469858	3.0
128616	6.0
470429	7.0
1986992	9.0
108447	1.0
146450	3.0
3574088	7.0
4484761	13.0
162760	7.0
4448947	1.0
484338	5.0
211938	4.0
2622699	2.0
2254758	2.0
4484767	13.0
263689	13.0
264153	2.0
3222668	4.0
238079	10.0
108028	1.0
698296	2.0
251843	6.0
251840	4.0
178974	1.0
4484959	3.0
471350	6.0
4485365	2.0
4485366	5.0
788573	2.0
4485368	7.0
252382	2.0
610172	4.0
176530	7.0
137663	6.0
269050	4.0
252545	3.0
2124151	2.0
2091640	7.0
762855	4.0
4416518	1.0
4416519	1.0
4354087	8.0
3432972	5.0
607461	7.0
4484762	13.0
4484763	13.0
4304879	2.0
267981	11.0
4484766	13.0
4308164	11.0
4484764	13.0
4484765	13.0
3510083	2.0
4484768	12.0
4484769	12.0
4484953	11.0
3304482	7.0
4485122	5.0
142595	3.0
4132075	3.0
142596	4.0
356467	3.0
267218	12.0
471002	4.0
4473713	4.0
4476067	3.0
2817226	2.0
366414	5.0
137538	2.0
103289	6.0
195821	6.0
763899	2.0
4485592	3.0
4485593	4.0
4485590	5.0
145904	3.0
4421459	5.0
4485597	3.0
4485595	3.0
469663	1.0
469662	2.0
4485598	6.0
469664	7.0
242438	9.0
4402257	6.0
4453050	7.0
266105	9.0
258456	13.0
4484571	6.0
4484570	2.0
4484760	13.0
4484576	5.0
577439	11.0
259987	13.0
3198667	1.0
239033	9.0
366564	1.0
1965461	4.0
4067753	6.0
462568	1.0
259857	6.0
4204932	8.0
261912	2.0
4485685	5.0
4485682	3.0
484369	6.0
4485680	3.0
4485681	3.0
197885	6.0
4484889	3.0
201088	4.0
4484883	4.0
3829278	7.0
4484880	4.0
4484887	2.0
4484886	2.0
4484885	2.0
470213	4.0
188012	5.0
471493	7.0
562256	4.0
250541	4.0
128845	5.0
4404992	1.0
128726	6.0
284102	3.0
470879	7.0
4375497	4.0
152737	5.0
4484979	1.0
4484978	3.0
4484977	4.0
4484975	4.0
4484974	4.0
4484973	4.0
4484972	5.0
2591255	2.0
study_209	1.0
study_208	3.0
study_205	3.0
study_204	2.0
study_207	3.0
study_206	2.0
study_201	5.0
study_200	13.0
study_203	2.0
study_202	2.0
4466830	2.0
79454	1.0
1800506	2.0
545932	10.0
235029	2.0
139105	7.0
4485324	1.0
4485028	8.0
4485029	8.0
3486930	5.0
4485022	8.0
4485023	8.0
4485020	8.0
4485021	7.0
4485026	9.0
4485027	8.0
4485024	9.0
4485025	9.0
358223	7.0
128625	7.0
128628	3.0
study_37	4.0
study_36	4.0
study_35	4.0
study_34	2.0
study_199	4.0
study_198	6.0
study_31	4.0
study_30	4.0
study_195	6.0
study_194	3.0
study_197	4.0
study_196	3.0
study_191	4.0
study_190	4.0
study_39	4.0
study_38	3.0
4485116	7.0
773978	4.0
4485115	2.0
4485112	9.0
4485110	4.0
4485111	4.0
745240	2.0
1916188	2.0
4485118	5.0
4485119	5.0
154130	3.0
4485591	1.0
170907	9.0
248001	3.0
454104	4.0
4314836	8.0
484430	3.0
148517	2.0
484436	4.0
470634	5.0
470983	2.0
149062	3.0
470639	5.0
129059	2.0
139852	7.0
139853	4.0
143806	2.0
537374	12.0
128717	4.0
128714	7.0
469661	7.0
160193	6.0
4318834	2.0
4485335	2.0
3171095	4.0
246213	9.0
4485201	7.0
4485206	7.0
4485207	2.0
4485205	2.0
226044	1.0
4485208	2.0
4485209	2.0
4485338	3.0
129050	8.0
470188	5.0
469849	5.0
469846	5.0
4326603	8.0
469842	5.0
247344	1.0
194205	1.0
362663	4.0
168839	7.0
269225	12.0
470747	4.0
265766	7.0
2985416	2.0
4451511	1.0
470740	4.0
484320	4.0
666070	8.0
3425198	3.0
158042	4.0
112073	1.0
470168	2.0
1832008	5.0
407351	4.0
270963	7.0
471344	9.0
4485378	3.0
4485379	2.0
4485376	3.0
4485377	3.0
4485374	3.0
4485375	3.0
4485372	3.0
4485373	3.0
4485370	1.0
4485371	3.0
3046726	3.0
252888	1.0
470563	6.0
470292	5.0
268265	13.0
137114	1.0
4485230	2.0
471420	2.0
242938	3.0
2283711	4.0
3689623	3.0
267062	3.0
3233360	6.0
3880986	6.0
349837	1.0
4484799	3.0
4484796	3.0
4484795	4.0
4484793	9.0
4484792	9.0
4484791	9.0
4484790	3.0
4484150	5.0
643642	4.0
4385065	8.0
262922	9.0
526964	1.0
242208	7.0
470367	7.0
4096185	6.0
289858	2.0
470369	1.0
3834835	4.0
471011	5.0
2278661	2.0
382771	5.0
234320	1.0
128600	9.0
259512	12.0
548747	4.0
611034	4.0
109890	1.0
1578654	2.0
study_19	4.0
267197	4.0
262815	9.0
4485569	5.0
4485568	5.0
4485567	5.0
562633	13.0
4485565	5.0
365184	7.0
4485563	5.0
4485562	5.0
4485561	5.0
4485560	5.0
4413941	4.0
3551761	7.0
302284	2.0
610483	4.0
470236	2.0
267446	2.0
3936004	1.0
262493	6.0
262492	9.0
244991	3.0
4417490	4.0
244434	3.0
4484560	4.0
4308828	3.0
4484562	5.0
4484564	3.0
4484565	1.0
4484566	3.0
184499	1.0
184496	5.0
4484569	3.0
259463	9.0
289675	11.0
2752477	5.0
1802115	1.0
406487	6.0
733659	5.0
356671	2.0
356677	6.0
785760	1.0
356678	4.0
145370	2.0
3030226	1.0
4484898	9.0
4484899	9.0
355323	4.0
145150	3.0
4484890	2.0
4484891	9.0
146617	7.0
4400244	3.0
241364	2.0
4484897	9.0
846121	4.0
311137	2.0
261676	9.0
267533	1.0
267530	9.0
165643	6.0
295454	1.0
258207	6.0
4343121	5.0
189350	2.0
4484902	3.0
4484968	4.0
4484903	2.0
4484965	3.0
4484966	4.0
4484960	3.0
4484961	3.0
4484962	3.0
4484963	3.0
2834267	3.0
4484906	9.0
1696180	2.0
study_210	4.0
study_211	2.0
266310	5.0
145022	4.0
153370	1.0
128947	7.0
4485174	1.0
4484905	9.0
4436531	3.0
128433	7.0
250153	4.0
2123044	6.0
4368307	11.0
3474585	5.0
933076	1.0
4420776	2.0
4401067	1.0
3402132	1.0
2503593	4.0
4383765	2.0
253824	9.0
4335697	1.0
3490316	2.0
868041	1.0
4170037	1.0
250733	2.0
153596	1.0
261093	2.0
4351467	6.0
216145	1.0
4485683	2.0
140276	1.0
3730313	6.0
140272	7.0
study_188	3.0
study_189	4.0
study_186	2.0
study_187	2.0
study_184	3.0
2766281	7.0
study_182	5.0
study_183	4.0
study_180	4.0
study_181	6.0
4485163	1.0
4485162	1.0
4485161	1.0
4485160	1.0
4485167	1.0
4485166	1.0
4485165	1.0
4485164	1.0
362506	7.0
4485169	1.0
238798	11.0
4472697	3.0
2760629	7.0
269695	7.0
242368	7.0
824722	1.0
470993	5.0
554247	2.0
470623	5.0
2645000	5.0
470996	4.0
470995	4.0
4354946	7.0
4387918	1.0
817563	3.0
1634660	1.0
3906081	2.0
128769	11.0
605028	4.0
141871	7.0
4484882	4.0
study_156	4.0
210623	4.0
609533	5.0
270882	1.0
1675012	7.0
203962	9.0
4469345	6.0
3526713	5.0
3935866	6.0
338978	7.0
260125	4.0
182392	6.0
264317	7.0
469832	5.0
341294	2.0
236200	5.0
2289218	1.0
469834	5.0
470194	4.0
514177	2.0
1742294	12.0
484357	2.0
341050	2.0
265952	2.0
265407	6.0
470171	4.0
470170	4.0
470173	4.0
470172	4.0
196030	6.0
471486	7.0
470178	4.0
2296518	2.0
218513	7.0
3171334	1.0
215612	5.0
471378	4.0
3625698	2.0
469941	4.0
156613	3.0
4485302	6.0
4485301	5.0
197631	3.0
4485306	6.0
4485305	6.0
4485304	6.0
317180	7.0
269854	7.0
269855	2.0
264227	9.0
182084	1.0
264222	9.0
137824	1.0
3341679	1.0
804587	5.0
471394	10.0
142421	1.0
2649931	5.0
4345952	4.0
263024	13.0
263021	7.0
471398	6.0
4484875	4.0
4336960	12.0
159756	5.0
4485123	2.0
4484787	5.0
4484780	10.0
4484781	2.0
4345956	1.0
363839	8.0
4350433	1.0
4485415	6.0
4485414	5.0
4485413	5.0
4485412	5.0
4485411	5.0
4485419	5.0
4485418	5.0
607066	4.0
262319	5.0
361962	7.0
585208	11.0
259505	13.0
416239	7.0
4485628	7.0
137555	1.0
242967	8.0
4485578	5.0
262867	9.0
4485574	5.0
4485575	5.0
4485576	5.0
4485577	5.0
257615	7.0
4485571	5.0
154921	8.0
1754342	9.0
268307	10.0
610809	7.0
186470	1.0
2472963	3.0
471159	4.0
606204	6.0
241156	7.0
4484559	4.0
607339	7.0
258477	2.0
4484554	9.0
2028276	1.0
3822178	1.0
4484550	5.0
312745	7.0
4417624	6.0
151524	1.0
4469832	1.0
4453452	1.0
3608204	1.0
610992	6.0
356687	7.0
267239	12.0
356680	4.0
2706578	1.0
129238	4.0
279975	1.0
572288	9.0
4484636	3.0
531271	1.0
3311295	5.0
207609	9.0
3338135	5.0
188038	3.0
4484747	13.0
318253	4.0
4348874	2.0
76821	1.0
263800	7.0
221045	4.0
4484958	3.0
266124	9.0
3119708	4.0
4484951	11.0
4484950	11.0
4375475	5.0
4484952	11.0
4484955	3.0
4484954	3.0
4484957	3.0
4484956	3.0
4410087	2.0
240510	2.0
260427	4.0
79992	1.0
128952	5.0
4383605	7.0
141241	6.0
128421	2.0
128423	3.0
128429	2.0
264779	4.0
4420943	3.0
261885	7.0
623682	7.0
683920	6.0
2264221	4.0
260682	7.0
270365	2.0
684824	5.0
42375	1.0
study_18	2.0
study_15	4.0
study_14	4.0
study_17	4.0
study_16	8.0
study_11	6.0
study_10	4.0
study_13	6.0
study_12	4.0
2224305	6.0
250583	3.0
153057	5.0
394740	7.0
128884	7.0
235488	9.0
4485170	1.0
4485171	1.0
4485172	1.0
4485173	1.0
4046531	4.0
4485175	1.0
4485176	1.0
4485178	1.0
4485179	2.0
study_159	4.0
study_158	2.0
260206	7.0
260750	2.0
study_151	4.0
study_150	3.0
study_153	2.0
study_152	4.0
study_155	4.0
study_154	3.0
study_157	2.0
269684	12.0
141021	1.0
470969	2.0
study_58	6.0
658919	3.0
167322	2.0
135883	7.0
128770	3.0
138783	7.0
4484608	12.0
270217	1.0
270210	7.0
49993	1.0
4474784	7.0
2780645	6.0
187901	2.0
609781	6.0
152259	2.0
470144	2.0
197531	2.0
247369	13.0
4484494	3.0
4400920	2.0
278384	7.0
347528	2.0
469825	4.0
469824	4.0
285342	3.0
469826	5.0
315575	7.0
44325	3.0
1093452	6.0
470761	5.0
654465	2.0
3272947	2.0
470141	4.0
470143	2.0
257448	5.0
470146	2.0
470148	9.0
471495	2.0
2158755	2.0
317681	7.0
804807	7.0
4409882	3.0
4484525	5.0
4456362	5.0
129063	3.0
264531	7.0
651792	4.0
108671	1.0
4485318	6.0
4456166	1.0
469957	3.0
4485639	7.0
161581	6.0
1889934	1.0
471360	10.0
129174	2.0
4485315	13.0
645610	1.0
471364	4.0
269840	1.0
4351645	1.0
471384	6.0
4190059	3.0
4435940	2.0
4309354	4.0
233395	2.0
335683	2.0
398670	4.0
305892	7.0
129288	6.0
129289	4.0
813368	2.0
4485404	1.0
529416	1.0
4485407	4.0
4485400	7.0
4485401	7.0
242264	1.0
4485403	1.0
371128	4.0
2819473	2.0
4485409	2.0
191302	14.0
4484520	13.0
709004	2.0
264435	2.0
3767467	1.0
470389	2.0
171289	3.0
471156	4.0
470382	3.0
152457	4.0
470380	2.0
470381	2.0
239795	3.0
4480115	6.0
416229	6.0
470546	4.0
359894	1.0
4426132	1.0
663604	7.0
108256	3.0
471401	2.0
156880	1.0
4327152	4.0
370187	7.0
4485549	2.0
4485548	1.0
161380	6.0
2266188	7.0
804646	6.0
717479	7.0
4485541	3.0
4485540	3.0
4485543	4.0
4485542	3.0
4485545	5.0
4485544	5.0
4485546	2.0
531786	2.0
471141	3.0
4396792	3.0
242469	9.0
471144	4.0
606927	9.0
347501	1.0
436675	4.0
4454428	6.0
1911677	2.0
4485314	9.0
214763	5.0
267312	1.0
572169	4.0
4484548	5.0
4484549	5.0
368769	4.0
4183921	2.0
519687	7.0
4484546	5.0
469746	6.0
522169	8.0
268249	5.0
469482	6.0
3893397	10.0
267954	7.0
4390590	1.0
234650	6.0
610180	5.0
187020	4.0
3227824	1.0
4402844	1.0
541025	3.0
398895	5.0
4401860	2.0
276224	12.0
287314	3.0
2158722	4.0
267551	6.0
267550	9.0
239371	9.0
158500	6.0
4484946	3.0
628249	2.0
4484944	3.0
4367774	1.0
4327050	1.0
566040	13.0
4484940	4.0
4484941	4.0
140070	7.0
253024	3.0
253750	8.0
344373	1.0
4484949	11.0
213398	6.0
236502	11.0
2436699	4.0
260924	13.0
471001	4.0
128968	11.0
128961	4.0
189192	2.0
3177679	2.0
350050	12.0
4471598	3.0
4402904	2.0
4475393	3.0
220466	6.0
249170	5.0
155301	1.0
study_33	4.0
192281	5.0
study_32	4.0
471221	3.0
4484693	6.0
4413120	6.0
4484690	2.0
592611	5.0
551147	11.0
244402	9.0
146634	3.0
4484696	6.0
4454849	2.0
4484925	5.0
3286983	3.0
104684	1.0
470812	4.0
266998	3.0
2156406	2.0
4484695	2.0
3339673	1.0
270705	6.0
181072	9.0
study_193	4.0
4426745	2.0
study_192	4.0
470543	5.0
469991	2.0
4485149	4.0
4485148	6.0
469990	9.0
2122727	4.0
4485147	2.0
4485146	2.0
4485141	6.0
4485140	6.0
2940299	3.0
4485142	5.0
study_148	4.0
study_149	3.0
study_142	4.0
study_143	2.0
study_140	6.0
4484516	5.0
1772684	3.0
study_147	4.0
study_144	3.0
study_145	4.0
244710	4.0
519232	7.0
141034	6.0
470975	2.0
470974	2.0
470971	2.0
470970	2.0
470605	6.0
3372469	2.0
761865	2.0
4392899	4.0
2611489	1.0
4471499	4.0
251266	3.0
3110915	4.0
250045	4.0
3750550	1.0
study_1	4.0
study_3	4.0
study_2	4.0
study_5	6.0
study_4	4.0
study_7	4.0
study_6	4.0
study_9	4.0
study_8	2.0
271358	7.0
342971	4.0
469816	6.0
469817	6.0
469810	6.0
246712	12.0
591146	2.0
163085	3.0
469818	6.0
246717	3.0
2547205	2.0
346026	7.0
484376	6.0
4485402	1.0
4485093	2.0
4485092	4.0
4485091	3.0
4485095	7.0
4485094	5.0
2370790	10.0
2905335	2.0
138689	6.0
2546331	1.0
4448519	6.0
470155	9.0
4485058	1.0
2821279	9.0
246627	11.0
521709	1.0
129163	2.0
4485320	5.0
4485322	4.0
260518	3.0
4485329	5.0
4485055	7.0
243295	5.0
155836	5.0
186071	3.0
2722754	4.0
3703169	2.0
149535	2.0
1962306	6.0
3835597	2.0
3272844	10.0
3306262	4.0
3840972	10.0
421879	10.0
2175894	6.0
149068	3.0
569411	5.0
3059028	1.0
715963	1.0
147169	8.0
252324	4.0
156093	5.0
3586095	4.0
2560633	6.0
129299	13.0
484437	2.0
115056	3.0
155947	5.0
4485433	6.0
4485435	6.0
469486	5.0
164094	4.0
222236	4.0
4355411	7.0
470732	4.0
470395	2.0
470394	2.0
470397	2.0
470396	2.0
484439	2.0
470393	2.0
470392	2.0
4355625	2.0
471048	2.0
2205933	3.0
156494	3.0
4397090	3.0
337418	2.0
131988	9.0
1767081	6.0
4485556	5.0
4485557	5.0
4485554	5.0
3905393	7.0
4485552	3.0
2345736	5.0
258045	3.0
258675	7.0
4485558	5.0
3630583	1.0
4453271	3.0
267816	12.0
156789	3.0
471130	4.0
4485238	4.0
2772794	2.0
756549	3.0
319524	1.0
242701	10.0
577477	11.0
245121	5.0
829874	3.0
1997550	5.0
4406407	2.0
4484531	5.0
3460243	3.0
3173192	7.0
3721126	11.0
609964	4.0
611053	5.0
2472702	2.0
525752	2.0
91372	1.0
339584	8.0
213656	4.0
1785685	14.0
208810	4.0
240758	11.0
2095944	1.0
3674693	2.0
4395015	1.0
111436	7.0
231176	2.0
258525	9.0
2272651	1.0
192101	2.0
163928	6.0
4484687	4.0
4484930	5.0
4484937	4.0
4484936	4.0
4484935	6.0
4484934	6.0
582902	5.0
4342139	4.0
4484939	4.0
4484938	4.0
4484689	2.0
4484688	2.0
469488	3.0
4307368	4.0
262191	7.0
4479625	1.0
4436966	1.0
3808853	1.0
92037	1.0
2867020	3.0
2246754	8.0
4410174	1.0
4378647	3.0
1041484	4.0
356843	5.0
140390	2.0
4484587	5.0
3146165	1.0
846048	7.0
4484584	5.0
684249	3.0
382211	7.0
4484585	5.0
263911	2.0
263912	9.0
153551	3.0
129129	3.0
4479118	7.0
4484591	5.0
4484590	5.0
4484593	3.0
4484592	4.0
4484595	5.0
4484849	4.0
4484848	4.0
4484847	4.0
4484846	4.0
4484845	4.0
4484844	4.0
4484843	4.0
4484842	4.0
4484841	4.0
4484840	4.0
677921	3.0
2118299	6.0
305267	5.0
4338265	2.0
470997	4.0
150477	4.0
244416	2.0
908287	4.0
64683	1.0
686262	13.0
470805	4.0
470807	4.0
470806	5.0
470803	5.0
4325521	1.0
270740	9.0
2801645	1.0
140483	6.0
262739	6.0
3976970	3.0
154574	2.0
4423989	7.0
156873	1.0
140245	4.0
129124	4.0
150788	1.0
4485158	1.0
303702	2.0
293763	5.0
4485152	3.0
4485153	3.0
4485150	4.0
4485151	3.0
4485156	1.0
134663	5.0
4485154	6.0
4485155	1.0
1972977	6.0
study_179	3.0
study_178	4.0
study_177	2.0
study_176	4.0
study_175	4.0
study_174	2.0
study_173	4.0
study_172	6.0
study_171	2.0
study_170	4.0
269612	7.0
711042	3.0
4327604	4.0
4450729	11.0
study_41	2.0
256607	8.0
152417	3.0
141287	2.0
2609286	4.0
4463212	2.0
4403820	1.0
128998	2.0
3437016	2.0
160310	5.0
798151	2.0
268740	7.0
3935818	2.0
469800	5.0
836702	7.0
4485088	4.0
4485089	3.0
260178	9.0
251647	4.0
484365	5.0
4485081	1.0
610043	4.0
4485083	2.0
4485084	8.0
4485085	1.0
4485086	1.0
4408003	2.0
study_104	2.0
188893	3.0
369315	7.0
2540794	3.0
302952	3.0
129112	6.0
4485330	2.0
88136	1.0
4485337	10.0
129114	2.0
129115	13.0
129118	4.0
4485339	5.0
470744	4.0
922872	7.0
659157	5.0
268223	13.0
268225	13.0
651131	2.0
243287	11.0
469972	4.0
4355323	2.0
269869	6.0
4469333	3.0
141718	3.0
269863	7.0
800498	9.0
470741	4.0
565532	4.0
255315	3.0
132880	5.0
2836974	6.0
470230	2.0
4484624	5.0
470238	2.0
230309	6.0
269887	9.0
4368567	11.0
169692	2.0
229012	3.0
129029	2.0
129026	3.0
129027	10.0
4485424	9.0
4485425	4.0
4485422	6.0
4485420	6.0
129021	4.0
237354	5.0
440936	4.0
4407493	1.0
370432	3.0
4407494	7.0
2199910	2.0
770692	3.0
471056	6.0
4485523	5.0
4485522	3.0
4485521	3.0
4485520	3.0
4485525	5.0
4485524	5.0
175923	1.0
2879076	7.0
4485528	4.0
3472383	5.0
4484067	1.0
804621	3.0
4485477	4.0
804624	9.0
342627	4.0
2953997	7.0
4485471	2.0
114941	3.0
524980	7.0
242732	4.0
815942	4.0
577465	11.0
129011	7.0
262217	9.0
2134611	3.0
259426	5.0
259492	7.0
829865	4.0
239688	3.0
469888	2.0
4345046	1.0
1803423	3.0
4485281	2.0
4408777	3.0
4485638	7.0
4485637	7.0
4485636	7.0
4485635	7.0
4485634	7.0
4485633	7.0
4485631	7.0
4485630	7.0
3956808	3.0
267975	13.0
4410987	4.0
469742	6.0
4356693	6.0
469744	6.0
2592403	7.0
469749	5.0
431766	3.0
270437	6.0
152369	3.0
4435249	3.0
4465450	3.0
137936	5.0
4484920	5.0
4484921	5.0
4484922	5.0
4484923	5.0
4484924	5.0
4484697	2.0
4484694	4.0
4484927	5.0
4484928	5.0
4484929	5.0
4484698	8.0
4484699	8.0
151248	3.0
262185	7.0
266174	8.0
244957	3.0
206145	4.0
4341323	1.0
3226421	7.0
4479749	2.0
1942268	2.0
260769	7.0
276377	5.0
281438	6.0
study_167	2.0
4400115	1.0
4341810	7.0
study_168	4.0
2066374	6.0
3288960	2.0
266191	7.0
129151	5.0
308095	9.0
350896	3.0
177086	2.0
581469	11.0
1980062	2.0
544702	13.0
137113	1.0
161964	2.0
154782	4.0
214832	4.0
4484858	4.0
4484859	4.0
4484588	5.0
4484589	5.0
4484854	4.0
4484855	4.0
4484856	4.0
4484857	4.0
4484850	4.0
4484851	4.0
4484852	4.0
4484853	4.0
4330063	2.0
4359816	1.0
260343	7.0
610698	9.0
1729080	8.0
817858	1.0
4382412	7.0
471460	7.0
189314	4.0
128691	4.0
4327244	4.0
261560	2.0
610455	4.0
261566	7.0
128502	11.0
128503	2.0
4467649	2.0
128507	2.0
270757	9.0
572258	7.0
3781816	2.0
2995612	8.0
4358969	1.0
159002	2.0
4422068	4.0
4399217	1.0
293753	5.0
246824	2.0
study_160	4.0
study_161	6.0
study_162	7.0
study_163	2.0
study_164	4.0
study_165	6.0
study_166	4.0
260768	13.0
281762	2.0
study_169	2.0
2783236	4.0
58033	3.0
4328648	4.0
393911	4.0
139331	7.0
study_50	2.0
270356	13.0
345249	5.0
1812772	5.0
4299221	2.0
101322	6.0
4484727	3.0
4476364	4.0
4484947	2.0
4411321	3.0
633355	13.0
4484945	4.0
470487	1.0
270055	4.0
4484942	4.0
252075	9.0
4484943	4.0
4398521	4.0
470718	4.0
484394	4.0
3126923	2.0
269252	7.0
199635	3.0
1780415	3.0
3883136	7.0
2885749	2.0
4484824	7.0
152682	8.0
470139	4.0
317543	2.0
4484826	4.0
589213	11.0
4484820	7.0
349804	10.0
129103	4.0
4484948	2.0
4408815	2.0
219021	6.0
142641	1.0
4485180	5.0
4485183	4.0
223938	8.0
4485185	4.0
4485184	5.0
333514	1.0
226145	6.0
469903	3.0
194543	3.0
138378	6.0
3917462	3.0
157099	6.0
636220	3.0
2086773	2.0
3261476	3.0
176827	6.0
470221	4.0
470229	2.0
529046	6.0
609606	2.0
194409	2.0
160634	7.0
4256926	1.0
216402	4.0
4485459	1.0
471288	4.0
4300623	9.0
4485369	7.0
343158	2.0
4485452	3.0
4485451	4.0
4485450	4.0
4485457	2.0
4485455	6.0
4485454	2.0
660639	2.0
156459	9.0
255231	10.0
471447	6.0
149505	2.0
4272985	7.0
268120	13.0
269749	7.0
471266	4.0
471262	6.0
4397980	2.0
174198	3.0
4106458	3.0
263445	9.0
267164	12.0
195845	3.0
4485530	8.0
4485531	8.0
4485532	8.0
4485533	4.0
4485534	5.0
4485535	1.0
4485536	5.0
4418680	3.0
178989	6.0
3415753	2.0
658635	5.0
4367422	1.0
804634	6.0
256149	9.0
186514	4.0
144622	7.0
471191	3.0
591515	2.0
471197	6.0
245387	4.0
47707	1.0
262885	9.0
222847	4.0
4485405	4.0
238741	2.0
4024528	6.0
369055	1.0
588044	5.0
532519	3.0
770530	10.0
4485629	7.0
4485624	9.0
562710	10.0
2702767	7.0
4485621	11.0
4485622	11.0
4485623	11.0
471066	6.0
study_96	3.0
4402453	8.0
471062	6.0
267902	10.0
260163	9.0
263283	12.0
4361625	5.0
4440880	1.0
606150	6.0
2238139	3.0
261995	4.0
4485252	4.0
347009	2.0
239348	2.0
2573910	2.0
263847	7.0
4388736	4.0
188670	3.0
484391	4.0
2920184	13.0
241281	9.0
4484919	5.0
4484918	5.0
4484669	7.0
138119	1.0
4484667	7.0
4484666	3.0
4424397	4.0
287392	7.0
4484663	7.0
4484910	5.0
4484661	9.0
4484660	2.0
225030	1.0
270537	13.0
610920	5.0
4484681	5.0
551003	13.0
1894655	2.0
2660469	6.0
259644	4.0
262154	7.0
4432878	1.0
110770	3.0
4433531	5.0
239234	5.0
248430	8.0
4420237	1.0
523171	5.0
326714	4.0
263931	12.0
4484869	4.0
4484868	4.0
4484861	4.0
4484860	4.0
4484863	4.0
4484862	4.0
4484865	4.0
4484864	4.0
4484867	4.0
4484866	4.0
154196	3.0
3944858	1.0
250503	3.0
4485292	4.0
240392	3.0
1655485	5.0
4460022	4.0
128682	10.0
250787	4.0
128687	4.0
182534	2.0
4484682	5.0
348855	5.0
2775244	7.0
281552	11.0
128514	7.0
266386	7.0
470823	4.0
259101	7.0
82255	11.0
265440	2.0
140220	7.0
1577647	3.0
3011620	1.0
2680223	5.0
344813	2.0
1842075	4.0
270037	5.0
study_115	4.0
study_114	4.0
study_117	4.0
470921	7.0
study_111	2.0
4359399	1.0
study_113	4.0
study_112	2.0
study_119	2.0
study_118	4.0
4357903	7.0
139343	6.0
4485181	4.0
233864	2.0
4408150	5.0
235998	5.0
158519	6.0
4365877	1.0
3030171	1.0
376835	7.0
4485566	5.0
166987	3.0
251784	3.0
303616	3.0
4485564	5.0
270257	7.0
4484739	12.0
64248	1.0
2507353	6.0
609294	6.0
4386375	6.0
470729	4.0
289369	5.0
470724	4.0
3313143	4.0
470720	4.0
139760	7.0
2479836	2.0
2210393	4.0
269786	4.0
4303534	5.0
2683818	6.0
4485182	3.0
2201412	8.0
4443190	5.0
129136	3.0
267203	7.0
469918	4.0
243062	1.0
700496	13.0
4446811	6.0
4485196	4.0
4485197	2.0
4485194	4.0
4485195	4.0
4485193	5.0
4485190	3.0
470587	4.0
4485189	3.0
4348277	6.0
54279	1.0
2677385	2.0
129270	11.0
4485222	7.0
2615429	2.0
157086	4.0
4412840	2.0
4485223	7.0
3824796	1.0
4351388	3.0
540483	2.0
609637	3.0
2718311	5.0
2838848	1.0
4485227	1.0
251928	7.0
4485448	4.0
4485449	4.0
471299	11.0
4419676	6.0
284476	3.0
233692	1.0
4329768	2.0
263619	4.0
4485444	4.0
4485445	4.0
4485446	4.0
4485447	4.0
237576	9.0
179754	4.0
470451	7.0
4462324	2.0
304981	2.0
471450	3.0
471453	3.0
149575	3.0
4367067	2.0
273412	5.0
248862	8.0
4238234	5.0
2137505	2.0
188447	6.0
4357341	1.0
2248438	4.0
804606	5.0
4485509	3.0
4485508	3.0
544485	13.0
4485504	4.0
4485507	3.0
4485506	3.0
108295	1.0
470738	4.0
471186	2.0
471184	2.0
129310	7.0
159676	4.0
174504	2.0
355966	2.0
219618	3.0
4449878	5.0
471188	3.0
366142	7.0
3942685	2.0
853882	2.0
263725	9.0
156688	2.0
143100	2.0
144444	4.0
4325014	2.0
610895	5.0
238598	11.0
4350952	2.0
4484567	6.0
263541	12.0
4055164	1.0
4162294	5.0
4123579	1.0
4360145	6.0
3498923	2.0
4418037	1.0
4397354	4.0
4127893	7.0
4484717	6.0
4484716	7.0
4484715	7.0
4484714	7.0
4484713	7.0
4484712	7.0
4484711	7.0
4484710	7.0
4485610	2.0
4485613	2.0
4485615	2.0
4485614	2.0
4485617	2.0
4485616	6.0
307772	1.0
267171	13.0
4360542	6.0
361918	2.0
260777	7.0
3485648	4.0
4217190	8.0
711230	1.0
261962	7.0
3254541	7.0
150530	5.0
128561	3.0
609300	6.0
231184	1.0
4484908	3.0
4484909	4.0
4484678	7.0
4484679	7.0
4484674	7.0
4484675	7.0
4484676	7.0
4484677	7.0
4484670	7.0
4484671	7.0
4484672	7.0
4484673	7.0
537277	12.0
4410509	5.0
183678	2.0
335145	7.0
4485066	9.0
240655	4.0
150517	7.0
150512	5.0
259772	3.0
3251608	1.0
259777	4.0
4368365	4.0
4256381	7.0
139426	7.0
4484876	4.0
4484877	4.0
4484874	4.0
348202	6.0
4484872	4.0
4484873	5.0
4484870	4.0
4484871	4.0
4484878	4.0
4484879	4.0
2131613	1.0
4436356	10.0
154768	4.0
2631853	1.0
236419	5.0
2808134	2.0
311337	1.0
55947	1.0
4485143	5.0
4471291	1.0
210009	9.0
260564	4.0
266240	12.0
266241	9.0
4286813	3.0
128526	3.0
470737	4.0
235459	7.0
166193	10.0
471284	4.0
266481	7.0
4484497	4.0
260964	9.0
469602	2.0
4484498	5.0
247959	4.0
4332986	2.0
4333409	11.0
154235	1.0
247822	6.0
study_106	4.0
study_107	2.0
314123	1.0
study_105	3.0
study_102	2.0
study_103	6.0
study_100	4.0
study_101	2.0
573322	10.0
784256	1.0
4413383	3.0
study_108	2.0
study_109	2.0
205487	5.0
779362	4.0
study_141	4.0
251227	7.0
145698	1.0
study_146	2.0
128782	6.0
128785	5.0
128787	2.0
2455890	5.0
4150998	9.0
4485298	4.0
4422718	3.0
2338591	2.0
160347	7.0
4485291	4.0
4485290	1.0
4484895	6.0
609288	6.0
195083	5.0
4484896	9.0
128807	3.0
2288536	6.0
4485057	9.0
4485056	8.0
4390980	6.0
4485054	9.0
4485053	9.0
4485052	9.0
4485051	9.0
4485050	9.0
470739	4.0
4430726	3.0
4476741	2.0
471369	5.0
3675923	6.0
2436670	1.0
2778461	7.0
128656	8.0
128657	9.0
251684	8.0
246847	3.0
2778915	1.0
265511	9.0
471441	7.0
210224	1.0
269293	2.0
4263526	12.0
4165717	5.0
768417	4.0
264395	7.0
470595	5.0
152179	3.0
469920	5.0
470973	2.0
4329084	4.0
129123	2.0
129121	4.0
470599	6.0
2346025	6.0
4367893	2.0
243403	5.0
4367894	2.0
471515	4.0
471511	2.0
3877367	14.0
265603	8.0
484443	7.0
810933	7.0
654294	4.0
138950	2.0
4469454	4.0
232609	1.0
271043	11.0
470207	4.0
128668	7.0
470200	4.0
4485475	6.0
128667	2.0
4457669	9.0
129014	2.0
290517	3.0
4485470	6.0
322522	7.0
4485472	4.0
2684261	6.0
3978769	5.0
128665	3.0
800190	5.0
2288451	7.0
1540667	7.0
4485273	11.0
141903	1.0
4446413	9.0
2820600	6.0
4484804	2.0
4485279	6.0
4485278	3.0
471468	8.0
144864	4.0
3195326	2.0
3623950	2.0
470441	7.0
470116	2.0
715818	10.0
470114	2.0
4485003	2.0
4394429	6.0
233066	3.0
4484770	13.0
258630	5.0
4484808	6.0
4377809	2.0
471249	11.0
128801	3.0
156851	6.0
330405	2.0
179419	5.0
557343	13.0
4485518	3.0
4485519	3.0
765949	5.0
4485512	3.0
4485513	3.0
4485511	3.0
4485516	3.0
4485517	3.0
4485514	3.0
4485515	3.0
129307	8.0
197035	10.0
471280	14.0
197037	1.0
790585	2.0
4485397	3.0
694975	1.0
3805786	13.0
798581	1.0
234467	2.0
study_185	3.0
212696	4.0
185311	4.0
610881	5.0
484462	5.0
4026143	7.0
258185	9.0
4485606	2.0
4485604	5.0
470870	7.0
4485600	2.0
4326142	3.0
609925	5.0
238720	1.0
2761928	3.0
4485609	2.0
555618	4.0
161656	9.0
4484700	8.0
3313921	4.0
4484708	1.0
4484709	7.0
206206	4.0
212212	9.0
4388598	1.0
763780	4.0
469739	6.0
259342	3.0
239416	9.0
2958927	7.0
541279	13.0
469734	6.0
261973	9.0
259587	4.0
131016	5.0
3200224	3.0
2587333	4.0
238439	3.0
4484649	6.0
4484648	6.0
322703	5.0
4368012	2.0
385603	4.0
4484641	2.0
4484640	2.0
4484643	11.0
4484642	11.0
4484645	11.0
4484644	11.0
4484647	6.0
4484646	12.0
3129281	2.0
149988	2.0
375671	8.0
239525	4.0
144643	5.0
218633	4.0
1708611	4.0
150509	13.0
607054	2.0
142996	2.0
4401705	5.0
161242	1.0
245187	3.0
314879	6.0
129089	2.0
608891	4.0
200840	1.0
4361046	3.0
4365254	9.0
4484802	9.0
4484801	3.0
4484800	3.0
4484807	7.0
4484805	5.0
2334620	1.0
559108	3.0
158191	6.0
158195	4.0
197806	5.0
265577	7.0
4484746	13.0
4484835	9.0
98036	9.0
4008231	6.0
4393998	10.0
3784989	1.0
704203	5.0
145029	7.0
2417152	7.0
244105	5.0
4485640	7.0
4458380	3.0
2868489	4.0
128827	4.0
4393682	2.0
4296034	3.0
649969	1.0
4342314	7.0
1826982	7.0
158582	2.0
257997	3.0
study_139	3.0
study_138	3.0
257992	1.0
138686	6.0
140750	9.0
study_133	4.0
study_132	1.0
study_131	3.0
study_130	4.0
study_137	2.0
215083	2.0
study_135	4.0
836673	7.0
128795	4.0
128794	7.0
470908	7.0
128790	2.0
4485270	3.0
1647599	4.0
359717	6.0
128563	6.0
362374	5.0
3427182	1.0
668356	5.0
3079206	1.0
267787	7.0
2167243	6.0
4343683	6.0
4484619	3.0
185581	4.0
4453985	1.0
250630	9.0
149574	4.0
128531	12.0
3954336	4.0
191674	3.0
235957	4.0
4485289	7.0
4403600	2.0
253592	2.0
4485280	6.0
137527	5.0
4485286	3.0
4485287	1.0
4485284	2.0
4485285	3.0
238461	3.0
4485048	9.0
4485049	9.0
4484613	6.0
4485044	7.0
4485045	8.0
4485046	8.0
128822	6.0
4485040	7.0
4485041	9.0
4485042	8.0
4485043	9.0
4484900	9.0
4328767	4.0
208217	5.0
666832	4.0
205587	3.0
916690	9.0
129158	4.0
163628	3.0
4403730	5.0
274319	10.0
193929	8.0
265258	7.0
4485587	5.0
609386	6.0
625553	2.0
187016	2.0
471509	4.0
4485198	6.0
2185462	7.0
4425945	12.0
341353	2.0
268771	4.0
4485582	5.0
4485327	3.0
471505	11.0
232294	6.0
532512	3.0
470697	3.0
470690	2.0
269194	2.0
201803	4.0
4485321	6.0
3678898	3.0
112346	1.0
4415491	1.0
4484907	3.0
1877257	7.0
534027	10.0
4346945	1.0
4485620	11.0
3429262	2.0
3377067	9.0
4485462	4.0
4352206	4.0
4485460	6.0
4485461	4.0
4485466	13.0
4485467	13.0
4485464	6.0
4485468	13.0
4485469	8.0
265816	12.0
4485264	2.0
4484904	10.0
268170	4.0
4485260	4.0
471434	7.0
471471	3.0
4485263	4.0
376720	2.0
4485268	2.0
4485269	7.0
152460	2.0
4448230	4.0
470477	5.0
2874789	2.0
2858425	4.0
179774	10.0
4449967	8.0
108810	1.0
471256	7.0
2138712	9.0
264723	6.0
study_136	4.0
4484680	7.0
4448288	4.0
3326779	4.0
270905	7.0
4439176	5.0
112096	7.0
352664	4.0
263529	13.0
4485246	4.0
471418	6.0
4379510	2.0
175858	3.0
2608235	3.0
263564	7.0
471374	5.0
245370	7.0
3867975	2.0
4485673	5.0
4485672	5.0
532521	9.0
4485670	5.0
4485677	5.0
4485676	5.0
4485675	5.0
4485674	5.0
4485679	5.0
3860764	5.0
129227	3.0
4398962	5.0
4484730	4.0
4484733	12.0
4484735	13.0
4484734	12.0
4484737	12.0
267934	10.0
4421738	2.0
4484738	13.0
4385288	7.0
4275953	3.0
2474302	3.0
1580218	1.0
263411	8.0
4407904	2.0
129201	5.0
3912756	2.0
471092	6.0
266646	2.0
249377	1.0
266643	9.0
2667143	1.0
149919	4.0
4484656	3.0
4361038	7.0
4484655	3.0
4484652	10.0
4484653	10.0
4484650	1.0
4484651	10.0
320868	1.0
4484658	3.0
264203	13.0
4485709	2.0
4485708	6.0
4485707	2.0
4485706	3.0
4485705	6.0
4485703	1.0
3826011	2.0
4485701	7.0
4485700	1.0
4406729	7.0
4484505	4.0
2504699	1.0
245173	4.0
140005	4.0
225045	3.0
156719	7.0
261703	10.0
816451	6.0
471238	8.0
4479146	5.0
304455	2.0
301131	1.0
173855	5.0
223278	4.0
4444741	4.0
156737	3.0
4484821	7.0
593785	11.0
4484810	6.0
4484811	5.0
4484812	7.0
4484813	7.0
4475069	2.0
4484815	7.0
4484816	7.0
4484817	7.0
4484818	7.0
4484819	7.0
3946733	4.0
4357656	2.0
1632697	4.0
253392	4.0
263364	12.0
2117818	1.0
260545	12.0
128897	14.0
557427	10.0
study_82	4.0
study_83	6.0
study_80	6.0
study_81	3.0
study_86	4.0
study_87	2.0
study_84	4.0
study_85	4.0
study_88	2.0
study_89	8.0
3080437	2.0
4485117	6.0
293340	2.0
2668680	2.0
172489	2.0
128812	7.0
4484668	7.0
4243866	2.0
4484915	5.0
1744100	7.0
247934	3.0
4484914	5.0
4393521	3.0
140564	2.0
4484917	5.0
680191	3.0
155790	3.0
study_128	7.0
study_129	4.0
205758	4.0
study_124	2.0
study_125	4.0
study_126	4.0
study_127	5.0
study_120	2.0
study_121	2.0
study_122	4.0
study_123	2.0
4219370	2.0
347487	1.0
2026882	1.0
4484912	5.0
205510	10.0
156939	5.0
262610	3.0
128497	2.0
292137	2.0
348006	1.0
134289	5.0
235725	5.0
153191	5.0
469921	2.0
166714	9.0
4484994	7.0
4485694	4.0
345429	2.0
470117	2.0
4485696	4.0
3672635	6.0
4485079	2.0
49474	1.0
4485071	3.0
4485070	3.0
4485072	3.0
4485075	3.0
4485074	3.0
4485434	6.0
3720432	1.0
675087	6.0
753069	4.0
study_68	4.0
study_69	2.0
128675	2.0
128676	2.0
270000	7.0
study_60	4.0
study_61	3.0
study_62	4.0
study_63	2.0
study_64	4.0
study_65	4.0
study_66	6.0
study_67	11.0
4485383	4.0
362631	6.0
4485381	3.0
4485380	2.0
4485387	6.0
4485386	6.0
4485385	6.0
4485384	6.0
265247	12.0
4485389	6.0
4485388	6.0
152628	3.0
203565	4.0
151970	8.0
3495933	7.0
248271	8.0
526890	2.0
152399	2.0
567420	1.0
4485047	9.0
269369	7.0
269004	7.0
346429	2.0
3791646	1.0
3877343	7.0
484463	5.0
470687	4.0
4484916	5.0
146037	3.0
470688	5.0
4347267	6.0
331312	1.0
470621	5.0
4394359	7.0
153653	1.0
575008	12.0
133501	1.0
470265	5.0
223996	1.0
3016087	8.0
129070	6.0
4484911	5.0
531155	2.0
4391547	2.0
4485498	2.0
4485496	5.0
4485495	5.0
4485492	3.0
4485491	8.0
4485251	4.0
4485250	4.0
4485253	4.0
1909922	2.0
4485255	4.0
4485254	4.0
4485257	4.0
4485256	4.0
4485259	4.0
4485258	4.0
4172691	3.0
226033	6.0
4329133	3.0
470464	8.0
470463	8.0
470462	8.0
606025	2.0
3526876	2.0
216474	9.0
3725977	5.0
4413127	5.0
471226	2.0
262998	9.0
471224	3.0
4484913	5.0
study_134	3.0
128855	5.0
335393	5.0
194752	6.0
343062	7.0
229175	5.0
4484586	5.0
4461903	3.0
177281	4.0
471318	4.0
301787	4.0
471314	6.0
268016	2.0
268011	2.0
174245	3.0
2885638	1.0
471137	5.0
245699	11.0
109732	3.0
4435752	13.0
251698	7.0
350167	1.0
267636	13.0
471139	4.0
4485660	5.0
516354	5.0
4485663	5.0
4485664	5.0
4485665	5.0
4485666	5.0
4485667	5.0
4485668	5.0
4485669	5.0
3777162	5.0
242988	4.0
317108	1.0
4484728	3.0
132290	1.0
4484724	4.0
3843288	1.0
2469997	1.0
4484720	5.0
4484721	5.0
129218	6.0
4485555	5.0
242503	8.0
239729	1.0
4222524	4.0
4216614	7.0
4360820	1.0
111673	1.0
4386580	1.0
4348550	6.0
4477819	3.0
4485662	5.0
4484623	2.0
4484622	2.0
4484621	2.0
4484620	2.0
4484627	5.0
4484626	5.0
4484625	5.0
1680485	1.0
349112	1.0
4484629	3.0
4484628	5.0
262373	9.0
4484582	5.0
680562	2.0
568578	13.0
4485714	1.0
160932	2.0
4485710	2.0
2417119	4.0
4485712	3.0
4485713	3.0
156705	1.0
222801	9.0
145419	3.0
4344960	7.0
4485559	5.0
4484583	5.0
356701	14.0
261719	13.0
2483597	3.0
1611605	3.0
4484758	13.0
729486	3.0
2439887	3.0
559163	13.0
4484828	3.0
256970	3.0
4484537	4.0
4484536	4.0
4484827	4.0
4484534	8.0
4484533	8.0
4484532	8.0
4484823	7.0
4484822	7.0
4083118	1.0
4334863	2.0
4406668	14.0
343857	7.0
258176	3.0
580234	11.0
240847	2.0
266271	5.0
574063	1.0
4372410	3.0
261827	7.0
study_95	6.0
study_94	4.0
study_97	2.0
325328	2.0
study_91	4.0
study_90	2.0
study_93	2.0
study_92	4.0
148201	3.0
139547	7.0
study_99	4.0
study_98	3.0
128809	4.0
192183	5.0
262592	12.0
262590	9.0
198925	2.0
3078923	5.0
150527	6.0
150526	6.0
3201462	2.0
3563348	2.0
2760015	3.0
4388850	1.0
348109	3.0
4105724	2.0
4431534	2.0
766559	13.0
4413755	7.0
348968	7.0
262620	7.0
128546	7.0
1885221	2.0
4370809	1.0
250349	9.0
4359594	7.0
193562	3.0
814852	6.0
139494	3.0
1804159	6.0
260210	7.0
4485067	9.0
4485064	9.0
4485065	9.0
4485062	9.0
4485063	9.0
4485061	9.0
170898	5.0
2560266	1.0
260579	4.0
4484926	5.0
4485068	3.0
4343519	2.0
469835	5.0
194022	5.0
162373	6.0
4463343	3.0
339877	6.0
270584	2.0
4288258	1.0
255110	3.0
study_79	4.0
study_78	2.0
2952856	4.0
484296	1.0
484294	3.0
study_73	4.0
study_72	3.0
study_71	2.0
study_70	3.0
4485069	3.0
study_76	2.0
study_75	6.0
study_74	4.0
4485390	6.0
4485391	13.0
4485392	13.0
4485393	13.0
4485394	4.0
4485395	5.0
4485396	5.0
556496	4.0
4485399	2.0
204252	2.0
358019	3.0
4384372	9.0
study_77	4.0
268718	4.0
540914	9.0
4484630	4.0
714621	3.0
4374740	2.0
2985051	1.0
218364	6.0
146437	3.0
772282	1.0
3460769	2.0
470679	5.0
138521	6.0
139039	13.0
138523	5.0
138522	6.0
470670	5.0
264529	7.0
609671	1.0
112417	1.0
4467602	3.0
1556217	4.0
270856	2.0
129049	3.0
2844103	2.0
129044	7.0
4485487	6.0
191707	3.0
4485482	7.0
4443700	6.0
470494	1.0
471412	6.0
4485248	4.0
4485249	4.0
269431	13.0
4485247	4.0
4485244	4.0
4485245	4.0
4485242	4.0
4485243	4.0
4485240	4.0
4485241	4.0
179555	3.0
260971	9.0
83486	1.0
207682	9.0
164557	5.0
470416	7.0
470321	5.0
470324	2.0
4485728	5.0
471230	4.0
316248	2.0
133209	1.0
4484825	4.0
131285	5.0
179317	2.0
413206	4.0
213803	9.0
2998997	2.0
4484553	10.0
1523274	5.0
1524916	5.0
343072	3.0
4484609	12.0
208731	3.0
470254	5.0
470527	5.0
470524	4.0
129061	6.0
237442	4.0
470251	5.0
4454753	3.0
4398043	7.0
156390	5.0
129191	4.0
156644	6.0
156646	2.0
471124	5.0
4484552	1.0
283204	7.0
606983	4.0
611106	5.0
516347	2.0
139293	7.0
4484599	5.0
4485651	2.0
4485650	4.0
4485038	9.0
129225	6.0
4484759	13.0
573725	13.0
4326492	4.0
4484753	13.0
4484752	13.0
4484751	13.0
610987	6.0
4484757	13.0
4484756	13.0
4484755	13.0
4484754	13.0
267139	9.0
440950	4.0
551323	2.0
1563515	1.0
607581	7.0
4412145	3.0
4305481	5.0
263216	7.0
469946	4.0
4344351	4.0
4438603	5.0
4444348	7.0
2060924	5.0
267967	9.0
4453403	4.0
266665	9.0
263218	9.0
3591580	5.0
4484631	4.0
3599599	7.0
4484633	6.0
4484635	3.0
238420	4.0
128474	2.0
4484639	9.0
241989	3.0
2472796	4.0
4485261	4.0
4485729	1.0
4387942	1.0
606359	3.0
4485262	4.0
469655	4.0
4485721	7.0
4485720	7.0
4485723	3.0
4485722	7.0
4485725	2.0
4485724	3.0
197217	7.0
4485303	6.0
study_116	3.0
4204363	6.0
266867	7.0
174325	2.0
224794	3.0
study_110	3.0